==========================================================================================
Information: 
Exchange parameters generated by TB2J 0.7.1.1
Generation time: 22/01/16 01:22:53
 Input from collinear Wannier90 data.
 Tight binding data from ./. 
 Prefix of wannier function files:Fe_up and Fe_down.
Warning: Please check if the noise level of Wannier function Hamiltonian to make sure it is much smaller than the exchange values.

==========================================================================================
Cell (Angstrom):
 1.435   1.435   1.435
-1.435   1.435   1.435
-1.435  -1.435   1.435

==========================================================================================
Atoms:  
(Note: charge and magmoms only count the wannier functions.)
Atom number      x         y         z     w_charge  w_magmom 
Fe1             0.0000    0.0000    0.0000   14.5520   -0.4965
Total                                        14.5520   -0.4965

==========================================================================================
Orbitals used in decomposition: 
The name of the orbitals for the decomposition: 
Fe1 : ['orb_1', 'orb_2', 'orb_3', 'orb_4', 'orb_5', 'orb_6', 'orb_7', 'orb_8', 'orb_9']

==========================================================================================
Exchange: 
    i      j          R        J_iso(meV)          vector          distance(A) 
----------------------------------------------------------------------------------------
   Fe1   Fe1   ( -1,   0,   0) 27.3773   (-1.435, -1.435, -1.435)  2.485 
J_iso: 27.3773 
Orbital contributions:
 isotropic J:
 [[-0.026 -0.014 -0.014 -0.014  0.     0.01   0.01   0.     0.01 ]
 [-0.014  0.003  0.005  0.005  0.04  -0.003 -0.003 -0.    -0.046]
 [-0.014  0.005  0.003  0.005  0.01  -0.003 -0.046  0.03  -0.003]
 [-0.014  0.005  0.005  0.003  0.01  -0.046 -0.003  0.03  -0.003]
 [ 0.     0.04   0.01   0.01   1.748  0.325  0.325 -0.     1.292]
 [ 0.01  -0.003 -0.003 -0.046  0.325  1.869  1.767  0.97   1.767]
 [ 0.01  -0.003 -0.046 -0.003  0.325  1.767  1.869  0.97   1.767]
 [ 0.    -0.     0.03   0.03  -0.     0.97   0.97   1.748 -0.   ]
 [ 0.01  -0.046 -0.003 -0.003  1.292  1.767  1.767 -0.     1.869]] 
----------------------------------------------------------------------------------------
   Fe1   Fe1   ( -1,   1,  -1) 27.3769   (-1.435,  1.435, -1.435)  2.485 
J_iso: 27.3769 
Orbital contributions:
 isotropic J:
 [[-0.026 -0.014 -0.014 -0.014  0.     0.01   0.01   0.     0.01 ]
 [-0.014  0.003  0.005  0.005  0.04  -0.003 -0.003  0.    -0.046]
 [-0.014  0.005  0.003  0.005  0.01  -0.003 -0.046  0.03  -0.003]
 [-0.014  0.005  0.005  0.003  0.01  -0.046 -0.003  0.03  -0.003]
 [ 0.     0.04   0.01   0.01   1.748  0.325  0.325 -0.     1.292]
 [ 0.01  -0.003 -0.003 -0.046  0.325  1.869  1.767  0.97   1.767]
 [ 0.01  -0.003 -0.046 -0.003  0.325  1.767  1.869  0.97   1.767]
 [-0.    -0.     0.03   0.03   0.     0.97   0.97   1.748 -0.   ]
 [ 0.01  -0.046 -0.003 -0.003  1.292  1.767  1.767 -0.     1.869]] 
----------------------------------------------------------------------------------------
   Fe1   Fe1   (  0,  -1,   0) 27.3768   ( 1.435, -1.435, -1.435)  2.485 
J_iso: 27.3768 
Orbital contributions:
 isotropic J:
 [[-0.026 -0.014 -0.014 -0.014  0.     0.01   0.01  -0.     0.01 ]
 [-0.014  0.003  0.005  0.005  0.04  -0.003 -0.003 -0.    -0.046]
 [-0.014  0.005  0.003  0.005  0.01  -0.003 -0.046  0.03  -0.003]
 [-0.014  0.005  0.005  0.003  0.01  -0.046 -0.003  0.03  -0.003]
 [ 0.     0.04   0.01   0.01   1.748  0.325  0.325 -0.     1.292]
 [ 0.01  -0.003 -0.003 -0.046  0.325  1.869  1.767  0.97   1.767]
 [ 0.01  -0.003 -0.046 -0.003  0.325  1.767  1.869  0.97   1.767]
 [-0.    -0.     0.03   0.03  -0.     0.97   0.97   1.748  0.   ]
 [ 0.01  -0.046 -0.003 -0.003  1.292  1.767  1.767  0.     1.869]] 
----------------------------------------------------------------------------------------
   Fe1   Fe1   (  0,   0,  -1) 27.3772   ( 1.435,  1.435, -1.435)  2.485 
J_iso: 27.3772 
Orbital contributions:
 isotropic J:
 [[-0.026 -0.014 -0.014 -0.014  0.     0.01   0.01  -0.     0.01 ]
 [-0.014  0.003  0.005  0.005  0.04  -0.003 -0.003  0.    -0.046]
 [-0.014  0.005  0.003  0.005  0.01  -0.003 -0.046  0.03  -0.003]
 [-0.014  0.005  0.005  0.003  0.01  -0.046 -0.003  0.03  -0.003]
 [ 0.     0.04   0.01   0.01   1.748  0.325  0.325  0.     1.292]
 [ 0.01  -0.003 -0.003 -0.046  0.325  1.869  1.767  0.97   1.767]
 [ 0.01  -0.003 -0.046 -0.003  0.325  1.767  1.869  0.97   1.767]
 [ 0.     0.     0.03   0.03  -0.     0.97   0.97   1.748  0.   ]
 [ 0.01  -0.046 -0.003 -0.003  1.292  1.767  1.767 -0.     1.869]] 
----------------------------------------------------------------------------------------
   Fe1   Fe1   (  0,   0,   1) 27.3772   (-1.435, -1.435,  1.435)  2.485 
J_iso: 27.3772 
Orbital contributions:
 isotropic J:
 [[-0.026 -0.014 -0.014 -0.014  0.     0.01   0.01   0.     0.01 ]
 [-0.014  0.003  0.005  0.005  0.04  -0.003 -0.003  0.    -0.046]
 [-0.014  0.005  0.003  0.005  0.01  -0.003 -0.046  0.03  -0.003]
 [-0.014  0.005  0.005  0.003  0.01  -0.046 -0.003  0.03  -0.003]
 [ 0.     0.04   0.01   0.01   1.748  0.325  0.325 -0.     1.292]
 [ 0.01  -0.003 -0.003 -0.046  0.325  1.869  1.767  0.97   1.767]
 [ 0.01  -0.003 -0.046 -0.003  0.325  1.767  1.869  0.97   1.767]
 [-0.     0.     0.03   0.03   0.     0.97   0.97   1.748 -0.   ]
 [ 0.01  -0.046 -0.003 -0.003  1.292  1.767  1.767  0.     1.869]] 
----------------------------------------------------------------------------------------
   Fe1   Fe1   (  0,   1,   0) 27.3768   (-1.435,  1.435,  1.435)  2.485 
J_iso: 27.3768 
Orbital contributions:
 isotropic J:
 [[-0.026 -0.014 -0.014 -0.014  0.     0.01   0.01  -0.     0.01 ]
 [-0.014  0.003  0.005  0.005  0.04  -0.003 -0.003 -0.    -0.046]
 [-0.014  0.005  0.003  0.005  0.01  -0.003 -0.046  0.03  -0.003]
 [-0.014  0.005  0.005  0.003  0.01  -0.046 -0.003  0.03  -0.003]
 [ 0.     0.04   0.01   0.01   1.748  0.325  0.325 -0.     1.292]
 [ 0.01  -0.003 -0.003 -0.046  0.325  1.869  1.767  0.97   1.767]
 [ 0.01  -0.003 -0.046 -0.003  0.325  1.767  1.869  0.97   1.767]
 [-0.    -0.     0.03   0.03  -0.     0.97   0.97   1.748  0.   ]
 [ 0.01  -0.046 -0.003 -0.003  1.292  1.767  1.767  0.     1.869]] 
----------------------------------------------------------------------------------------
   Fe1   Fe1   (  1,  -1,   1) 27.3769   ( 1.435, -1.435,  1.435)  2.485 
J_iso: 27.3769 
Orbital contributions:
 isotropic J:
 [[-0.026 -0.014 -0.014 -0.014  0.     0.01   0.01  -0.     0.01 ]
 [-0.014  0.003  0.005  0.005  0.04  -0.003 -0.003 -0.    -0.046]
 [-0.014  0.005  0.003  0.005  0.01  -0.003 -0.046  0.03  -0.003]
 [-0.014  0.005  0.005  0.003  0.01  -0.046 -0.003  0.03  -0.003]
 [ 0.     0.04   0.01   0.01   1.748  0.325  0.325  0.     1.292]
 [ 0.01  -0.003 -0.003 -0.046  0.325  1.869  1.767  0.97   1.767]
 [ 0.01  -0.003 -0.046 -0.003  0.325  1.767  1.869  0.97   1.767]
 [ 0.     0.     0.03   0.03  -0.     0.97   0.97   1.748 -0.   ]
 [ 0.01  -0.046 -0.003 -0.003  1.292  1.767  1.767 -0.     1.869]] 
----------------------------------------------------------------------------------------
   Fe1   Fe1   (  1,   0,   0) 27.3773   ( 1.435,  1.435,  1.435)  2.485 
J_iso: 27.3773 
Orbital contributions:
 isotropic J:
 [[-0.026 -0.014 -0.014 -0.014  0.     0.01   0.01   0.     0.01 ]
 [-0.014  0.003  0.005  0.005  0.04  -0.003 -0.003 -0.    -0.046]
 [-0.014  0.005  0.003  0.005  0.01  -0.003 -0.046  0.03  -0.003]
 [-0.014  0.005  0.005  0.003  0.01  -0.046 -0.003  0.03  -0.003]
 [ 0.     0.04   0.01   0.01   1.748  0.325  0.325 -0.     1.292]
 [ 0.01  -0.003 -0.003 -0.046  0.325  1.869  1.767  0.97   1.767]
 [ 0.01  -0.003 -0.046 -0.003  0.325  1.767  1.869  0.97   1.767]
 [ 0.    -0.     0.03   0.03  -0.     0.97   0.97   1.748 -0.   ]
 [ 0.01  -0.046 -0.003 -0.003  1.292  1.767  1.767 -0.     1.869]] 
----------------------------------------------------------------------------------------
   Fe1   Fe1   ( -1,   0,  -1)  1.9229   ( 0.000,  0.000, -2.870)  2.870 
J_iso:  1.9229 
Orbital contributions:
 isotropic J:
 [[-0.    -0.041 -0.     0.     0.248 -0.     0.     0.    -0.   ]
 [-0.04  -0.004 -0.    -0.    -0.019  0.     0.     0.     0.   ]
 [-0.    -0.    -0.001 -0.     0.    -0.01   0.    -0.    -0.   ]
 [-0.     0.     0.    -0.001  0.     0.    -0.01  -0.    -0.   ]
 [ 0.249 -0.019  0.    -0.     2.383 -0.     0.    -0.    -0.   ]
 [ 0.     0.    -0.01   0.     0.     0.533  0.     0.     0.   ]
 [ 0.     0.     0.    -0.01  -0.     0.     0.533  0.    -0.   ]
 [ 0.     0.     0.     0.    -0.    -0.    -0.    -0.53  -0.   ]
 [-0.    -0.     0.    -0.     0.    -0.    -0.    -0.    -1.331]] 
----------------------------------------------------------------------------------------
   Fe1   Fe1   ( -1,   1,   0)  1.9409   (-2.870,  0.000,  0.000)  2.870 
J_iso:  1.9409 
Orbital contributions:
 isotropic J:
 [[-0.    -0.    -0.04  -0.     0.061  0.     0.     0.185 -0.   ]
 [ 0.    -0.001 -0.     0.    -0.    -0.01   0.     0.     0.   ]
 [-0.04  -0.    -0.005 -0.    -0.005  0.     0.    -0.014 -0.   ]
 [ 0.     0.    -0.    -0.001  0.     0.    -0.    -0.    -0.01 ]
 [ 0.062  0.    -0.005 -0.     0.116 -0.     0.     0.092  0.   ]
 [ 0.    -0.01  -0.     0.     0.     0.531 -0.     0.     0.   ]
 [-0.     0.     0.     0.    -0.     0.    -1.333  0.    -0.   ]
 [ 0.184  0.    -0.014  0.     0.093  0.    -0.     1.577  0.   ]
 [ 0.     0.    -0.    -0.01  -0.    -0.    -0.    -0.     0.536]] 
----------------------------------------------------------------------------------------
   Fe1   Fe1   (  0,  -1,   1)  1.9409   ( 0.000, -2.870,  0.000)  2.870 
J_iso:  1.9409 
Orbital contributions:
 isotropic J:
 [[-0.    -0.     0.    -0.04   0.061  0.     0.     0.185  0.   ]
 [-0.    -0.001  0.     0.    -0.     0.    -0.01   0.    -0.   ]
 [-0.    -0.    -0.001  0.    -0.    -0.     0.    -0.    -0.01 ]
 [-0.04   0.     0.    -0.005 -0.005  0.     0.    -0.014  0.   ]
 [ 0.062  0.     0.    -0.005  0.116 -0.    -0.     0.092 -0.   ]
 [-0.     0.     0.     0.     0.    -1.333 -0.    -0.     0.   ]
 [ 0.    -0.01   0.    -0.     0.     0.     0.531 -0.    -0.   ]
 [ 0.184  0.     0.    -0.014  0.093  0.     0.     1.577 -0.   ]
 [-0.    -0.    -0.01   0.     0.     0.     0.    -0.     0.536]] 
----------------------------------------------------------------------------------------
   Fe1   Fe1   (  0,   1,  -1)  1.9409   ( 0.000,  2.870,  0.000)  2.870 
J_iso:  1.9409 
Orbital contributions:
 isotropic J:
 [[-0.    -0.    -0.    -0.04   0.062 -0.     0.     0.184 -0.   ]
 [-0.    -0.001 -0.     0.     0.     0.    -0.01   0.    -0.   ]
 [ 0.     0.    -0.001  0.     0.     0.     0.     0.    -0.01 ]
 [-0.04   0.     0.    -0.005 -0.005  0.    -0.    -0.014  0.   ]
 [ 0.061 -0.    -0.    -0.005  0.116  0.     0.     0.093  0.   ]
 [ 0.     0.    -0.     0.    -0.    -1.333  0.     0.     0.   ]
 [ 0.    -0.01   0.     0.    -0.    -0.     0.531  0.     0.   ]
 [ 0.185  0.    -0.    -0.014  0.092 -0.    -0.     1.577 -0.   ]
 [ 0.    -0.    -0.01   0.    -0.     0.    -0.    -0.     0.536]] 
----------------------------------------------------------------------------------------
   Fe1   Fe1   (  1,  -1,   0)  1.9409   ( 2.870,  0.000,  0.000)  2.870 
J_iso:  1.9409 
Orbital contributions:
 isotropic J:
 [[-0.     0.    -0.04   0.     0.062  0.    -0.     0.184  0.   ]
 [-0.    -0.001 -0.     0.     0.    -0.01   0.     0.     0.   ]
 [-0.04  -0.    -0.005 -0.    -0.005 -0.     0.    -0.014 -0.   ]
 [-0.     0.    -0.    -0.001 -0.     0.     0.     0.    -0.01 ]
 [ 0.061 -0.    -0.005  0.     0.116  0.    -0.     0.093 -0.   ]
 [ 0.    -0.01   0.     0.    -0.     0.531  0.     0.    -0.   ]
 [ 0.     0.     0.    -0.     0.    -0.    -1.333 -0.    -0.   ]
 [ 0.185  0.    -0.014 -0.     0.092  0.     0.     1.577 -0.   ]
 [-0.     0.    -0.    -0.01   0.     0.    -0.     0.     0.536]] 
----------------------------------------------------------------------------------------
   Fe1   Fe1   (  1,   0,   1)  1.9229   ( 0.000,  0.000,  2.870)  2.870 
J_iso:  1.9229 
Orbital contributions:
 isotropic J:
 [[-0.    -0.04  -0.    -0.     0.249  0.     0.     0.    -0.   ]
 [-0.041 -0.004 -0.     0.    -0.019  0.     0.     0.    -0.   ]
 [-0.    -0.    -0.001  0.     0.    -0.01   0.     0.     0.   ]
 [ 0.    -0.    -0.    -0.001 -0.     0.    -0.01   0.    -0.   ]
 [ 0.248 -0.019  0.     0.     2.383  0.    -0.    -0.     0.   ]
 [-0.     0.    -0.01   0.    -0.     0.533  0.    -0.    -0.   ]
 [ 0.     0.     0.    -0.01   0.     0.     0.533 -0.    -0.   ]
 [ 0.     0.    -0.    -0.    -0.     0.     0.    -0.53  -0.   ]
 [-0.     0.    -0.    -0.    -0.     0.    -0.    -0.    -1.331]] 
----------------------------------------------------------------------------------------
   Fe1   Fe1   ( -2,   1,  -1)  0.5850   (-2.870,  0.000, -2.870)  4.059 
J_iso:  0.5850 
Orbital contributions:
 isotropic J:
 [[ 0.006  0.005  0.005 -0.     0.011  0.027 -0.     0.033 -0.   ]
 [ 0.005 -0.     0.001  0.    -0.001  0.006 -0.     0.005 -0.   ]
 [ 0.005  0.001 -0.    -0.     0.005  0.006  0.    -0.002 -0.   ]
 [ 0.     0.     0.     0.002 -0.     0.    -0.017 -0.    -0.017]
 [ 0.011 -0.001  0.005  0.     0.009  0.035  0.     0.052  0.   ]
 [ 0.027  0.006  0.006  0.     0.035  0.25  -0.     0.107  0.   ]
 [-0.    -0.     0.    -0.017  0.     0.    -0.051 -0.    -0.12 ]
 [ 0.034  0.005 -0.002 -0.     0.052  0.107 -0.     0.135 -0.   ]
 [ 0.    -0.    -0.    -0.017 -0.     0.    -0.12  -0.    -0.052]] 
----------------------------------------------------------------------------------------
   Fe1   Fe1   ( -1,  -1,   0)  0.5850   ( 0.000, -2.870, -2.870)  4.059 
J_iso:  0.5850 
Orbital contributions:
 isotropic J:
 [[ 0.006  0.005 -0.     0.005  0.011 -0.     0.027  0.033 -0.   ]
 [ 0.005 -0.     0.     0.001 -0.001  0.     0.006  0.005 -0.   ]
 [-0.    -0.     0.002 -0.     0.    -0.017  0.     0.    -0.017]
 [ 0.005  0.001  0.    -0.     0.005  0.     0.006 -0.002 -0.   ]
 [ 0.011 -0.001  0.     0.005  0.009 -0.     0.035  0.052  0.   ]
 [-0.     0.    -0.017  0.     0.    -0.051  0.     0.    -0.12 ]
 [ 0.027  0.006  0.     0.006  0.035  0.     0.25   0.107  0.   ]
 [ 0.034  0.005  0.    -0.002  0.052 -0.     0.107  0.135  0.   ]
 [ 0.    -0.    -0.017 -0.    -0.    -0.12  -0.     0.    -0.052]] 
----------------------------------------------------------------------------------------
   Fe1   Fe1   ( -1,   0,   1)  0.5860   (-2.870, -2.870,  0.000)  4.059 
J_iso:  0.5860 
Orbital contributions:
 isotropic J:
 [[ 0.006  0.     0.005  0.005  0.045  0.    -0.     0.     0.027]
 [ 0.     0.002  0.     0.     0.    -0.017 -0.017  0.    -0.   ]
 [ 0.005  0.    -0.     0.     0.001  0.     0.     0.002  0.006]
 [ 0.005 -0.     0.    -0.     0.001  0.     0.     0.002  0.006]
 [ 0.045 -0.     0.001  0.001  0.252 -0.     0.    -0.     0.143]
 [ 0.    -0.017  0.     0.    -0.    -0.051 -0.12  -0.    -0.   ]
 [ 0.    -0.017  0.     0.     0.    -0.12  -0.051 -0.     0.   ]
 [-0.    -0.     0.002  0.002 -0.     0.    -0.    -0.001 -0.   ]
 [ 0.027  0.     0.006  0.006  0.142 -0.    -0.     0.     0.25 ]] 
----------------------------------------------------------------------------------------
   Fe1   Fe1   ( -1,   1,  -2)  0.5850   ( 0.000,  2.870, -2.870)  4.059 
J_iso:  0.5850 
Orbital contributions:
 isotropic J:
 [[ 0.006  0.005  0.     0.005  0.011 -0.     0.027  0.033 -0.   ]
 [ 0.005 -0.     0.     0.001 -0.001 -0.     0.006  0.005  0.   ]
 [ 0.    -0.     0.002 -0.    -0.    -0.017  0.    -0.    -0.017]
 [ 0.005  0.001  0.    -0.     0.005  0.     0.006 -0.002 -0.   ]
 [ 0.011 -0.001 -0.     0.005  0.009 -0.     0.035  0.052  0.   ]
 [-0.    -0.    -0.017  0.    -0.    -0.051  0.    -0.    -0.12 ]
 [ 0.027  0.006  0.     0.006  0.035  0.     0.25   0.107  0.   ]
 [ 0.034  0.005 -0.    -0.002  0.052 -0.     0.107  0.135 -0.   ]
 [-0.     0.    -0.017 -0.    -0.    -0.12   0.    -0.    -0.052]] 
----------------------------------------------------------------------------------------
   Fe1   Fe1   ( -1,   2,  -1)  0.5861   (-2.870,  2.870,  0.000)  4.059 
J_iso:  0.5861 
Orbital contributions:
 isotropic J:
 [[ 0.006  0.     0.005  0.005  0.045  0.     0.    -0.     0.027]
 [-0.     0.002  0.     0.    -0.    -0.017 -0.017 -0.     0.   ]
 [ 0.005  0.    -0.     0.     0.001 -0.     0.     0.002  0.006]
 [ 0.005 -0.     0.    -0.     0.001  0.    -0.     0.002  0.006]
 [ 0.045  0.     0.001  0.001  0.252 -0.    -0.     0.     0.143]
 [-0.    -0.017 -0.     0.     0.    -0.051 -0.12   0.    -0.   ]
 [-0.    -0.017  0.    -0.     0.    -0.12  -0.051  0.    -0.   ]
 [ 0.    -0.     0.002  0.002 -0.    -0.    -0.    -0.001  0.   ]
 [ 0.027 -0.     0.006  0.006  0.142  0.     0.    -0.     0.25 ]] 
----------------------------------------------------------------------------------------
   Fe1   Fe1   (  0,  -1,  -1)  0.5850   ( 2.870,  0.000, -2.870)  4.059 
J_iso:  0.5850 
Orbital contributions:
 isotropic J:
 [[ 0.006  0.005  0.005  0.     0.011  0.027 -0.     0.033 -0.   ]
 [ 0.005 -0.     0.001 -0.    -0.001  0.006  0.     0.005 -0.   ]
 [ 0.005  0.001 -0.    -0.     0.005  0.006  0.    -0.002  0.   ]
 [-0.    -0.     0.     0.002  0.     0.    -0.017  0.    -0.017]
 [ 0.011 -0.001  0.005 -0.     0.009  0.035 -0.     0.052  0.   ]
 [ 0.027  0.006  0.006  0.     0.035  0.25   0.     0.107 -0.   ]
 [-0.     0.     0.    -0.017 -0.     0.    -0.051  0.    -0.12 ]
 [ 0.034  0.005 -0.002  0.     0.052  0.107  0.     0.135  0.   ]
 [-0.     0.     0.    -0.017 -0.    -0.    -0.12   0.    -0.052]] 
----------------------------------------------------------------------------------------
   Fe1   Fe1   (  0,   1,   1)  0.5850   (-2.870,  0.000,  2.870)  4.059 
J_iso:  0.5850 
Orbital contributions:
 isotropic J:
 [[ 0.006  0.005  0.005 -0.     0.011  0.027 -0.     0.034 -0.   ]
 [ 0.005 -0.     0.001 -0.    -0.001  0.006  0.     0.005  0.   ]
 [ 0.005  0.001 -0.     0.     0.005  0.006  0.    -0.002  0.   ]
 [ 0.    -0.    -0.     0.002 -0.     0.    -0.017  0.    -0.017]
 [ 0.011 -0.001  0.005  0.     0.009  0.035 -0.     0.052 -0.   ]
 [ 0.027  0.006  0.006  0.     0.035  0.25   0.     0.107 -0.   ]
 [-0.     0.     0.    -0.017 -0.     0.    -0.051  0.    -0.12 ]
 [ 0.033  0.005 -0.002  0.     0.052  0.107  0.     0.135  0.   ]
 [-0.    -0.     0.    -0.017  0.    -0.    -0.12   0.    -0.052]] 
----------------------------------------------------------------------------------------
   Fe1   Fe1   (  1,  -2,   1)  0.5861   ( 2.870, -2.870,  0.000)  4.059 
J_iso:  0.5861 
Orbital contributions:
 isotropic J:
 [[ 0.006 -0.     0.005  0.005  0.045 -0.    -0.     0.     0.027]
 [ 0.     0.002  0.    -0.     0.    -0.017 -0.017 -0.    -0.   ]
 [ 0.005  0.    -0.     0.     0.001 -0.     0.     0.002  0.006]
 [ 0.005  0.     0.    -0.     0.001  0.    -0.     0.002  0.006]
 [ 0.045 -0.     0.001  0.001  0.252  0.     0.    -0.     0.142]
 [ 0.    -0.017 -0.     0.    -0.    -0.051 -0.12  -0.     0.   ]
 [ 0.    -0.017  0.    -0.    -0.    -0.12  -0.051 -0.     0.   ]
 [-0.    -0.     0.002  0.002  0.     0.     0.    -0.001 -0.   ]
 [ 0.027  0.     0.006  0.006  0.143 -0.    -0.     0.     0.25 ]] 
----------------------------------------------------------------------------------------
   Fe1   Fe1   (  1,  -1,   2)  0.5850   ( 0.000, -2.870,  2.870)  4.059 
J_iso:  0.5850 
Orbital contributions:
 isotropic J:
 [[ 0.006  0.005  0.     0.005  0.011 -0.     0.027  0.034 -0.   ]
 [ 0.005 -0.    -0.     0.001 -0.001 -0.     0.006  0.005  0.   ]
 [ 0.     0.     0.002  0.    -0.    -0.017  0.    -0.    -0.017]
 [ 0.005  0.001 -0.    -0.     0.005  0.     0.006 -0.002 -0.   ]
 [ 0.011 -0.001 -0.     0.005  0.009 -0.     0.035  0.052 -0.   ]
 [-0.    -0.    -0.017  0.    -0.    -0.051  0.    -0.    -0.12 ]
 [ 0.027  0.006  0.     0.006  0.035  0.     0.25   0.107  0.   ]
 [ 0.033  0.005 -0.    -0.002  0.052 -0.     0.107  0.135 -0.   ]
 [-0.     0.    -0.017 -0.     0.    -0.12   0.    -0.    -0.052]] 
----------------------------------------------------------------------------------------
   Fe1   Fe1   (  1,   0,  -1)  0.5860   ( 2.870,  2.870,  0.000)  4.059 
J_iso:  0.5860 
Orbital contributions:
 isotropic J:
 [[ 0.006  0.     0.005  0.005  0.045  0.     0.    -0.     0.027]
 [ 0.     0.002  0.    -0.    -0.    -0.017 -0.017 -0.     0.   ]
 [ 0.005  0.    -0.     0.     0.001  0.     0.     0.002  0.006]
 [ 0.005  0.     0.    -0.     0.001  0.     0.     0.002  0.006]
 [ 0.045  0.     0.001  0.001  0.252 -0.     0.    -0.     0.142]
 [ 0.    -0.017  0.     0.    -0.    -0.051 -0.12   0.    -0.   ]
 [-0.    -0.017  0.     0.     0.    -0.12  -0.051 -0.    -0.   ]
 [ 0.     0.     0.002  0.002 -0.    -0.    -0.    -0.001  0.   ]
 [ 0.027 -0.     0.006  0.006  0.143 -0.     0.    -0.     0.25 ]] 
----------------------------------------------------------------------------------------
   Fe1   Fe1   (  1,   1,   0)  0.5850   ( 0.000,  2.870,  2.870)  4.059 
J_iso:  0.5850 
Orbital contributions:
 isotropic J:
 [[ 0.006  0.005 -0.     0.005  0.011 -0.     0.027  0.034  0.   ]
 [ 0.005 -0.    -0.     0.001 -0.001  0.     0.006  0.005 -0.   ]
 [-0.     0.     0.002  0.     0.    -0.017  0.     0.    -0.017]
 [ 0.005  0.001 -0.    -0.     0.005  0.     0.006 -0.002 -0.   ]
 [ 0.011 -0.001  0.     0.005  0.009  0.     0.035  0.052 -0.   ]
 [-0.     0.    -0.017  0.    -0.    -0.051  0.    -0.    -0.12 ]
 [ 0.027  0.006  0.     0.006  0.035  0.     0.25   0.107 -0.   ]
 [ 0.033  0.005  0.    -0.002  0.052  0.     0.107  0.135  0.   ]
 [-0.    -0.    -0.017 -0.     0.    -0.12   0.     0.    -0.052]] 
----------------------------------------------------------------------------------------
   Fe1   Fe1   (  2,  -1,   1)  0.5850   ( 2.870,  0.000,  2.870)  4.059 
J_iso:  0.5850 
Orbital contributions:
 isotropic J:
 [[ 0.006  0.005  0.005  0.     0.011  0.027 -0.     0.034  0.   ]
 [ 0.005 -0.     0.001  0.    -0.001  0.006 -0.     0.005 -0.   ]
 [ 0.005  0.001 -0.     0.     0.005  0.006  0.    -0.002 -0.   ]
 [-0.     0.    -0.     0.002  0.     0.    -0.017 -0.    -0.017]
 [ 0.011 -0.001  0.005 -0.     0.009  0.035  0.     0.052 -0.   ]
 [ 0.027  0.006  0.006  0.     0.035  0.25   0.     0.107  0.   ]
 [-0.    -0.     0.    -0.017  0.    -0.    -0.051 -0.    -0.12 ]
 [ 0.033  0.005 -0.002 -0.     0.052  0.107 -0.     0.135 -0.   ]
 [-0.    -0.    -0.    -0.017  0.     0.    -0.12  -0.    -0.052]] 
----------------------------------------------------------------------------------------
   Fe1   Fe1   ( -2,   0,  -1)  1.8150   (-1.435, -1.435, -4.305)  4.759 
J_iso:  1.8150 
Orbital contributions:
 isotropic J:
 [[-0.002  0.     0.     0.    -0.01   0.001  0.001 -0.    -0.004]
 [ 0.     0.     0.001  0.001  0.011 -0.    -0.    -0.    -0.005]
 [ 0.     0.001 -0.    -0.    -0.007  0.    -0.004  0.    -0.001]
 [ 0.     0.001 -0.    -0.    -0.007 -0.004  0.     0.    -0.001]
 [-0.01   0.011 -0.007 -0.007  0.206 -0.007 -0.007  0.     0.042]
 [ 0.001 -0.     0.    -0.004 -0.007 -0.045  0.193  0.02   0.372]
 [ 0.001 -0.    -0.004  0.    -0.007  0.193 -0.045  0.02   0.372]
 [-0.     0.     0.     0.    -0.     0.02   0.02  -0.008 -0.   ]
 [-0.004 -0.005 -0.001 -0.001  0.042  0.372  0.372 -0.    -0.244]] 
----------------------------------------------------------------------------------------
   Fe1   Fe1   ( -2,   1,  -2)  1.8150   (-1.435,  1.435, -4.305)  4.759 
J_iso:  1.8150 
Orbital contributions:
 isotropic J:
 [[-0.002  0.     0.     0.    -0.01   0.001  0.001  0.    -0.004]
 [ 0.     0.     0.001  0.001  0.011 -0.    -0.    -0.    -0.005]
 [ 0.     0.001 -0.    -0.    -0.007  0.    -0.004  0.    -0.001]
 [ 0.     0.001 -0.    -0.    -0.007 -0.004  0.     0.    -0.001]
 [-0.01   0.011 -0.007 -0.007  0.206 -0.007 -0.007 -0.     0.042]
 [ 0.001 -0.     0.    -0.004 -0.007 -0.045  0.193  0.02   0.372]
 [ 0.001 -0.    -0.004  0.    -0.007  0.193 -0.045  0.02   0.372]
 [-0.    -0.     0.     0.     0.     0.02   0.02  -0.008 -0.   ]
 [-0.004 -0.005 -0.001 -0.001  0.042  0.372  0.372 -0.    -0.244]] 
----------------------------------------------------------------------------------------
   Fe1   Fe1   ( -2,   1,   0)  1.8166   (-4.305, -1.435, -1.435)  4.759 
J_iso:  1.8166 
Orbital contributions:
 isotropic J:
 [[-0.002  0.     0.     0.    -0.002  0.001 -0.004 -0.007  0.001]
 [ 0.    -0.     0.001 -0.    -0.003  0.    -0.001 -0.004 -0.004]
 [ 0.     0.001  0.     0.001  0.003 -0.    -0.005  0.008 -0.   ]
 [ 0.    -0.     0.001 -0.    -0.    -0.004 -0.001 -0.006  0.   ]
 [-0.002 -0.003  0.003 -0.     0.001 -0.034  0.01   0.045  0.061]
 [ 0.001  0.    -0.    -0.004 -0.034 -0.045  0.372  0.048  0.193]
 [-0.004 -0.001 -0.005 -0.001  0.01   0.372 -0.244  0.032  0.372]
 [-0.007 -0.004  0.008 -0.006  0.045  0.048  0.032  0.108 -0.048]
 [ 0.001 -0.004 -0.     0.     0.061  0.193  0.372 -0.048 -0.045]] 
----------------------------------------------------------------------------------------
   Fe1   Fe1   ( -2,   2,  -1)  1.8166   (-4.305,  1.435, -1.435)  4.759 
J_iso:  1.8166 
Orbital contributions:
 isotropic J:
 [[-0.002  0.     0.     0.    -0.002  0.001 -0.004 -0.007  0.001]
 [ 0.    -0.     0.001 -0.    -0.003  0.    -0.001 -0.004 -0.004]
 [ 0.     0.001  0.     0.001  0.003 -0.    -0.005  0.008 -0.   ]
 [ 0.    -0.     0.001 -0.    -0.    -0.004 -0.001 -0.006  0.   ]
 [-0.002 -0.003  0.003 -0.     0.001 -0.034  0.01   0.045  0.061]
 [ 0.001  0.    -0.    -0.004 -0.034 -0.045  0.372  0.048  0.193]
 [-0.004 -0.001 -0.005 -0.001  0.01   0.372 -0.244  0.032  0.372]
 [-0.007 -0.004  0.008 -0.006  0.045  0.048  0.032  0.108 -0.048]
 [ 0.001 -0.004 -0.     0.     0.061  0.193  0.372 -0.048 -0.045]] 
----------------------------------------------------------------------------------------
   Fe1   Fe1   ( -1,  -1,  -1)  1.8150   ( 1.435, -1.435, -4.305)  4.759 
J_iso:  1.8150 
Orbital contributions:
 isotropic J:
 [[-0.002  0.     0.     0.    -0.01   0.001  0.001  0.    -0.004]
 [ 0.     0.     0.001  0.001  0.011 -0.    -0.     0.    -0.005]
 [ 0.     0.001 -0.    -0.    -0.007  0.    -0.004  0.    -0.001]
 [ 0.     0.001 -0.    -0.    -0.007 -0.004  0.     0.    -0.001]
 [-0.01   0.011 -0.007 -0.007  0.206 -0.007 -0.007 -0.     0.042]
 [ 0.001 -0.     0.    -0.004 -0.007 -0.045  0.193  0.02   0.372]
 [ 0.001 -0.    -0.004  0.    -0.007  0.193 -0.045  0.02   0.372]
 [ 0.     0.     0.     0.     0.     0.02   0.02  -0.008  0.   ]
 [-0.004 -0.005 -0.001 -0.001  0.042  0.372  0.372  0.    -0.244]] 
----------------------------------------------------------------------------------------
   Fe1   Fe1   ( -1,  -1,   1)  1.8166   (-1.435, -4.305, -1.435)  4.759 
J_iso:  1.8166 
Orbital contributions:
 isotropic J:
 [[-0.002  0.     0.     0.    -0.002 -0.004  0.001 -0.007  0.001]
 [ 0.    -0.    -0.     0.001 -0.003 -0.001  0.    -0.004 -0.004]
 [ 0.    -0.    -0.     0.001 -0.    -0.001 -0.004 -0.006  0.   ]
 [ 0.     0.001  0.001  0.     0.003 -0.005 -0.     0.008 -0.   ]
 [-0.002 -0.003 -0.     0.003  0.001  0.01  -0.034  0.045  0.061]
 [-0.004 -0.001 -0.001 -0.005  0.01  -0.244  0.372  0.032  0.372]
 [ 0.001  0.    -0.004 -0.    -0.034  0.372 -0.045  0.048  0.193]
 [-0.007 -0.004 -0.006  0.008  0.045  0.032  0.048  0.108 -0.048]
 [ 0.001 -0.004  0.    -0.     0.061  0.372  0.193 -0.048 -0.045]] 
----------------------------------------------------------------------------------------
   Fe1   Fe1   ( -1,   0,  -2)  1.8151   ( 1.435,  1.435, -4.305)  4.759 
J_iso:  1.8151 
Orbital contributions:
 isotropic J:
 [[-0.002  0.     0.     0.    -0.01   0.001  0.001 -0.    -0.004]
 [ 0.     0.     0.001  0.001  0.011 -0.    -0.    -0.    -0.005]
 [ 0.     0.001 -0.    -0.    -0.007  0.    -0.004  0.    -0.001]
 [ 0.     0.001 -0.    -0.    -0.007 -0.004  0.     0.    -0.001]
 [-0.01   0.011 -0.007 -0.007  0.206 -0.007 -0.007 -0.     0.042]
 [ 0.001 -0.     0.    -0.004 -0.007 -0.045  0.193  0.02   0.372]
 [ 0.001 -0.    -0.004  0.    -0.007  0.193 -0.045  0.02   0.372]
 [-0.    -0.     0.     0.     0.     0.02   0.02  -0.008  0.   ]
 [-0.004 -0.005 -0.001 -0.001  0.042  0.372  0.372 -0.    -0.244]] 
----------------------------------------------------------------------------------------
   Fe1   Fe1   ( -1,   1,   1)  1.8166   (-4.305, -1.435,  1.435)  4.759 
J_iso:  1.8166 
Orbital contributions:
 isotropic J:
 [[-0.002  0.     0.     0.    -0.002  0.001 -0.004 -0.007  0.001]
 [ 0.    -0.     0.001 -0.    -0.003  0.    -0.001 -0.004 -0.004]
 [ 0.     0.001  0.     0.001  0.003 -0.    -0.005  0.008 -0.   ]
 [ 0.    -0.     0.001 -0.    -0.    -0.004 -0.001 -0.006  0.   ]
 [-0.002 -0.003  0.003 -0.     0.001 -0.034  0.01   0.045  0.061]
 [ 0.001  0.    -0.    -0.004 -0.034 -0.045  0.372  0.048  0.193]
 [-0.004 -0.001 -0.005 -0.001  0.01   0.372 -0.244  0.032  0.372]
 [-0.007 -0.004  0.008 -0.006  0.045  0.048  0.032  0.108 -0.048]
 [ 0.001 -0.004 -0.     0.     0.061  0.193  0.372 -0.048 -0.045]] 
----------------------------------------------------------------------------------------
   Fe1   Fe1   ( -1,   2,  -2)  1.8166   (-1.435,  4.305, -1.435)  4.759 
J_iso:  1.8166 
Orbital contributions:
 isotropic J:
 [[-0.002  0.     0.     0.    -0.002 -0.004  0.001 -0.007  0.001]
 [ 0.    -0.    -0.     0.001 -0.003 -0.001  0.    -0.004 -0.004]
 [ 0.    -0.    -0.     0.001 -0.    -0.001 -0.004 -0.006  0.   ]
 [ 0.     0.001  0.001  0.     0.003 -0.005 -0.     0.008 -0.   ]
 [-0.002 -0.003 -0.     0.003  0.001  0.01  -0.034  0.045  0.061]
 [-0.004 -0.001 -0.001 -0.005  0.01  -0.244  0.372  0.032  0.372]
 [ 0.001  0.    -0.004 -0.    -0.034  0.372 -0.045  0.048  0.193]
 [-0.007 -0.004 -0.006  0.008  0.045  0.032  0.048  0.108 -0.048]
 [ 0.001 -0.004  0.    -0.     0.061  0.372  0.193 -0.048 -0.045]] 
----------------------------------------------------------------------------------------
   Fe1   Fe1   ( -1,   2,   0)  1.8166   (-4.305,  1.435,  1.435)  4.759 
J_iso:  1.8166 
Orbital contributions:
 isotropic J:
 [[-0.002  0.     0.     0.    -0.002  0.001 -0.004 -0.007  0.001]
 [ 0.    -0.     0.001 -0.    -0.003  0.    -0.001 -0.004 -0.004]
 [ 0.     0.001  0.     0.001  0.003 -0.    -0.005  0.008 -0.   ]
 [ 0.    -0.     0.001 -0.    -0.    -0.004 -0.001 -0.006  0.   ]
 [-0.002 -0.003  0.003 -0.     0.001 -0.034  0.01   0.045  0.061]
 [ 0.001  0.    -0.    -0.004 -0.034 -0.045  0.372  0.048  0.193]
 [-0.004 -0.001 -0.005 -0.001  0.01   0.372 -0.244  0.032  0.372]
 [-0.007 -0.004  0.008 -0.006  0.045  0.048  0.032  0.108 -0.048]
 [ 0.001 -0.004 -0.     0.     0.061  0.193  0.372 -0.048 -0.045]] 
----------------------------------------------------------------------------------------
   Fe1   Fe1   (  0,  -2,   1)  1.8166   ( 1.435, -4.305, -1.435)  4.759 
J_iso:  1.8166 
Orbital contributions:
 isotropic J:
 [[-0.002  0.     0.     0.    -0.002 -0.004  0.001 -0.007  0.001]
 [ 0.    -0.    -0.     0.001 -0.003 -0.001  0.    -0.004 -0.004]
 [ 0.    -0.    -0.     0.001 -0.    -0.001 -0.004 -0.006  0.   ]
 [ 0.     0.001  0.001  0.     0.003 -0.005 -0.     0.008 -0.   ]
 [-0.002 -0.003 -0.     0.003  0.001  0.01  -0.034  0.045  0.061]
 [-0.004 -0.001 -0.001 -0.005  0.01  -0.244  0.372  0.032  0.372]
 [ 0.001  0.    -0.004 -0.    -0.034  0.372 -0.045  0.048  0.193]
 [-0.007 -0.004 -0.006  0.008  0.045  0.032  0.048  0.108 -0.048]
 [ 0.001 -0.004  0.    -0.     0.061  0.372  0.193 -0.048 -0.045]] 
----------------------------------------------------------------------------------------
   Fe1   Fe1   (  0,  -1,   2)  1.8166   (-1.435, -4.305,  1.435)  4.759 
J_iso:  1.8166 
Orbital contributions:
 isotropic J:
 [[-0.002  0.     0.     0.    -0.002 -0.004  0.001 -0.007  0.001]
 [ 0.    -0.    -0.     0.001 -0.003 -0.001  0.    -0.004 -0.004]
 [ 0.    -0.    -0.     0.001 -0.    -0.001 -0.004 -0.006  0.   ]
 [ 0.     0.001  0.001  0.     0.003 -0.005 -0.     0.008 -0.   ]
 [-0.002 -0.003 -0.     0.003  0.001  0.01  -0.034  0.045  0.061]
 [-0.004 -0.001 -0.001 -0.005  0.01  -0.244  0.372  0.032  0.372]
 [ 0.001  0.    -0.004 -0.    -0.034  0.372 -0.045  0.048  0.193]
 [-0.007 -0.004 -0.006  0.008  0.045  0.032  0.048  0.108 -0.048]
 [ 0.001 -0.004  0.    -0.     0.061  0.372  0.193 -0.048 -0.045]] 
----------------------------------------------------------------------------------------
   Fe1   Fe1   (  0,   1,  -2)  1.8166   ( 1.435,  4.305, -1.435)  4.759 
J_iso:  1.8166 
Orbital contributions:
 isotropic J:
 [[-0.002  0.     0.     0.    -0.002 -0.004  0.001 -0.007  0.001]
 [ 0.    -0.    -0.     0.001 -0.003 -0.001  0.    -0.004 -0.004]
 [ 0.    -0.    -0.     0.001 -0.    -0.001 -0.004 -0.006  0.   ]
 [ 0.     0.001  0.001  0.     0.003 -0.005 -0.     0.008 -0.   ]
 [-0.002 -0.003 -0.     0.003  0.001  0.01  -0.034  0.045  0.061]
 [-0.004 -0.001 -0.001 -0.005  0.01  -0.244  0.372  0.032  0.372]
 [ 0.001  0.    -0.004 -0.    -0.034  0.372 -0.045  0.048  0.193]
 [-0.007 -0.004 -0.006  0.008  0.045  0.032  0.048  0.108 -0.048]
 [ 0.001 -0.004  0.    -0.     0.061  0.372  0.193 -0.048 -0.045]] 
----------------------------------------------------------------------------------------
   Fe1   Fe1   (  0,   2,  -1)  1.8166   (-1.435,  4.305,  1.435)  4.759 
J_iso:  1.8166 
Orbital contributions:
 isotropic J:
 [[-0.002  0.     0.     0.    -0.002 -0.004  0.001 -0.007  0.001]
 [ 0.    -0.    -0.     0.001 -0.003 -0.001  0.    -0.004 -0.004]
 [ 0.    -0.    -0.     0.001 -0.    -0.001 -0.004 -0.006  0.   ]
 [ 0.     0.001  0.001  0.     0.003 -0.005 -0.     0.008 -0.   ]
 [-0.002 -0.003 -0.     0.003  0.001  0.01  -0.034  0.045  0.061]
 [-0.004 -0.001 -0.001 -0.005  0.01  -0.244  0.372  0.032  0.372]
 [ 0.001  0.    -0.004 -0.    -0.034  0.372 -0.045  0.048  0.193]
 [-0.007 -0.004 -0.006  0.008  0.045  0.032  0.048  0.108 -0.048]
 [ 0.001 -0.004  0.    -0.     0.061  0.372  0.193 -0.048 -0.045]] 
----------------------------------------------------------------------------------------
   Fe1   Fe1   (  1,  -2,   0)  1.8166   ( 4.305, -1.435, -1.435)  4.759 
J_iso:  1.8166 
Orbital contributions:
 isotropic J:
 [[-0.002  0.     0.     0.    -0.002  0.001 -0.004 -0.007  0.001]
 [ 0.    -0.     0.001 -0.    -0.003  0.    -0.001 -0.004 -0.004]
 [ 0.     0.001  0.     0.001  0.003 -0.    -0.005  0.008 -0.   ]
 [ 0.    -0.     0.001 -0.    -0.    -0.004 -0.001 -0.006  0.   ]
 [-0.002 -0.003  0.003 -0.     0.001 -0.034  0.01   0.045  0.061]
 [ 0.001  0.    -0.    -0.004 -0.034 -0.045  0.372  0.048  0.193]
 [-0.004 -0.001 -0.005 -0.001  0.01   0.372 -0.244  0.032  0.372]
 [-0.007 -0.004  0.008 -0.006  0.045  0.048  0.032  0.108 -0.048]
 [ 0.001 -0.004 -0.     0.     0.061  0.193  0.372 -0.048 -0.045]] 
----------------------------------------------------------------------------------------
   Fe1   Fe1   (  1,  -2,   2)  1.8166   ( 1.435, -4.305,  1.435)  4.759 
J_iso:  1.8166 
Orbital contributions:
 isotropic J:
 [[-0.002  0.     0.     0.    -0.002 -0.004  0.001 -0.007  0.001]
 [ 0.    -0.    -0.     0.001 -0.003 -0.001  0.    -0.004 -0.004]
 [ 0.    -0.    -0.     0.001 -0.    -0.001 -0.004 -0.006  0.   ]
 [ 0.     0.001  0.001  0.     0.003 -0.005 -0.     0.008 -0.   ]
 [-0.002 -0.003 -0.     0.003  0.001  0.01  -0.034  0.045  0.061]
 [-0.004 -0.001 -0.001 -0.005  0.01  -0.244  0.372  0.032  0.372]
 [ 0.001  0.    -0.004 -0.    -0.034  0.372 -0.045  0.048  0.193]
 [-0.007 -0.004 -0.006  0.008  0.045  0.032  0.048  0.108 -0.048]
 [ 0.001 -0.004  0.    -0.     0.061  0.372  0.193 -0.048 -0.045]] 
----------------------------------------------------------------------------------------
   Fe1   Fe1   (  1,  -1,  -1)  1.8166   ( 4.305,  1.435, -1.435)  4.759 
J_iso:  1.8166 
Orbital contributions:
 isotropic J:
 [[-0.002  0.     0.     0.    -0.002  0.001 -0.004 -0.007  0.001]
 [ 0.    -0.     0.001 -0.    -0.003  0.    -0.001 -0.004 -0.004]
 [ 0.     0.001  0.     0.001  0.003 -0.    -0.005  0.008 -0.   ]
 [ 0.    -0.     0.001 -0.    -0.    -0.004 -0.001 -0.006  0.   ]
 [-0.002 -0.003  0.003 -0.     0.001 -0.034  0.01   0.045  0.061]
 [ 0.001  0.    -0.    -0.004 -0.034 -0.045  0.372  0.048  0.193]
 [-0.004 -0.001 -0.005 -0.001  0.01   0.372 -0.244  0.032  0.372]
 [-0.007 -0.004  0.008 -0.006  0.045  0.048  0.032  0.108 -0.048]
 [ 0.001 -0.004 -0.     0.     0.061  0.193  0.372 -0.048 -0.045]] 
----------------------------------------------------------------------------------------
   Fe1   Fe1   (  1,   0,   2)  1.8151   (-1.435, -1.435,  4.305)  4.759 
J_iso:  1.8151 
Orbital contributions:
 isotropic J:
 [[-0.002  0.     0.     0.    -0.01   0.001  0.001 -0.    -0.004]
 [ 0.     0.     0.001  0.001  0.011 -0.    -0.    -0.    -0.005]
 [ 0.     0.001 -0.    -0.    -0.007  0.    -0.004  0.    -0.001]
 [ 0.     0.001 -0.    -0.    -0.007 -0.004  0.     0.    -0.001]
 [-0.01   0.011 -0.007 -0.007  0.206 -0.007 -0.007  0.     0.042]
 [ 0.001 -0.     0.    -0.004 -0.007 -0.045  0.193  0.02   0.372]
 [ 0.001 -0.    -0.004  0.    -0.007  0.193 -0.045  0.02   0.372]
 [-0.    -0.     0.     0.    -0.     0.02   0.02  -0.008 -0.   ]
 [-0.004 -0.005 -0.001 -0.001  0.042  0.372  0.372  0.    -0.244]] 
----------------------------------------------------------------------------------------
   Fe1   Fe1   (  1,   1,  -1)  1.8166   ( 1.435,  4.305,  1.435)  4.759 
J_iso:  1.8166 
Orbital contributions:
 isotropic J:
 [[-0.002  0.     0.     0.    -0.002 -0.004  0.001 -0.007  0.001]
 [ 0.    -0.    -0.     0.001 -0.003 -0.001  0.    -0.004 -0.004]
 [ 0.    -0.    -0.     0.001 -0.    -0.001 -0.004 -0.006  0.   ]
 [ 0.     0.001  0.001  0.     0.003 -0.005 -0.     0.008 -0.   ]
 [-0.002 -0.003 -0.     0.003  0.001  0.01  -0.034  0.045  0.061]
 [-0.004 -0.001 -0.001 -0.005  0.01  -0.244  0.372  0.032  0.372]
 [ 0.001  0.    -0.004 -0.    -0.034  0.372 -0.045  0.048  0.193]
 [-0.007 -0.004 -0.006  0.008  0.045  0.032  0.048  0.108 -0.048]
 [ 0.001 -0.004  0.    -0.     0.061  0.372  0.193 -0.048 -0.045]] 
----------------------------------------------------------------------------------------
   Fe1   Fe1   (  1,   1,   1)  1.8150   (-1.435,  1.435,  4.305)  4.759 
J_iso:  1.8150 
Orbital contributions:
 isotropic J:
 [[-0.002  0.     0.     0.    -0.01   0.001  0.001  0.    -0.004]
 [ 0.     0.     0.001  0.001  0.011 -0.    -0.     0.    -0.005]
 [ 0.     0.001 -0.    -0.    -0.007  0.    -0.004  0.    -0.001]
 [ 0.     0.001 -0.    -0.    -0.007 -0.004  0.     0.    -0.001]
 [-0.01   0.011 -0.007 -0.007  0.206 -0.007 -0.007  0.     0.042]
 [ 0.001 -0.     0.    -0.004 -0.007 -0.045  0.193  0.02   0.372]
 [ 0.001 -0.    -0.004  0.    -0.007  0.193 -0.045  0.02   0.372]
 [ 0.     0.     0.     0.    -0.     0.02   0.02  -0.008  0.   ]
 [-0.004 -0.005 -0.001 -0.001  0.042  0.372  0.372  0.    -0.244]] 
----------------------------------------------------------------------------------------
   Fe1   Fe1   (  2,  -2,   1)  1.8166   ( 4.305, -1.435,  1.435)  4.759 
J_iso:  1.8166 
Orbital contributions:
 isotropic J:
 [[-0.002  0.     0.     0.    -0.002  0.001 -0.004 -0.007  0.001]
 [ 0.    -0.     0.001 -0.    -0.003  0.    -0.001 -0.004 -0.004]
 [ 0.     0.001  0.     0.001  0.003 -0.    -0.005  0.008 -0.   ]
 [ 0.    -0.     0.001 -0.    -0.    -0.004 -0.001 -0.006  0.   ]
 [-0.002 -0.003  0.003 -0.     0.001 -0.034  0.01   0.045  0.061]
 [ 0.001  0.    -0.    -0.004 -0.034 -0.045  0.372  0.048  0.193]
 [-0.004 -0.001 -0.005 -0.001  0.01   0.372 -0.244  0.032  0.372]
 [-0.007 -0.004  0.008 -0.006  0.045  0.048  0.032  0.108 -0.048]
 [ 0.001 -0.004 -0.     0.     0.061  0.193  0.372 -0.048 -0.045]] 
----------------------------------------------------------------------------------------
   Fe1   Fe1   (  2,  -1,   0)  1.8166   ( 4.305,  1.435,  1.435)  4.759 
J_iso:  1.8166 
Orbital contributions:
 isotropic J:
 [[-0.002  0.     0.     0.    -0.002  0.001 -0.004 -0.007  0.001]
 [ 0.    -0.     0.001 -0.    -0.003  0.    -0.001 -0.004 -0.004]
