==========================================================================================
Information: 
Exchange parameters generated by TB2J 0.3.5
Generation time: 20/11/11 10:55:27
 Input from collinear Wannier90 data.
 Tight binding data from ./. 
 Prefix of wannier function files:Fe_up and Fe_down.
Warning: Please check if the noise level of Wannier function Hamiltonian to make sure it is much smaller than the exchange values.

==========================================================================================
Cell (Angstrom):
 1.435   1.435   1.435
-1.435   1.435   1.435
-1.435  -1.435   1.435

==========================================================================================
Atoms:  
(Note: charge and magmoms only count the wannier functions.)
Atom number      x         y         z     w_charge  w_magmom 
Fe1             0.0000    0.0000    0.0000    8.0135   -2.2583
Total                                         8.0135   -2.2583

==========================================================================================
Exchange: 
    i      j          R        J_iso(meV)          vector          distance(A) 
----------------------------------------------------------------------------------------
   Fe1   Fe1   ( -1,   0,   0)  7.9600   (-1.435, -1.435, -1.435)  2.485 
J_iso:  7.9600 
Orbital contributions:
 [[-0.082  0.011  0.011  0.011  0.    -0.047 -0.047  0.    -0.048]
 [ 0.011 -0.004  0.018  0.018 -0.094  0.013  0.013 -0.    -0.093]
 [ 0.011  0.018 -0.004  0.018 -0.024  0.013 -0.093 -0.071  0.013]
 [ 0.011  0.018  0.018 -0.004 -0.024 -0.093  0.013 -0.071  0.013]
 [ 0.    -0.094 -0.024 -0.024  3.097  0.576  0.576 -0.     2.298]
 [-0.047  0.013  0.013 -0.093  0.577 -1.65  -0.983  1.724 -0.983]
 [-0.047  0.013 -0.093  0.013  0.577 -0.983 -1.65   1.724 -0.983]
 [ 0.     0.    -0.071 -0.071 -0.     1.724  1.724  3.098  0.   ]
 [-0.047 -0.093  0.013  0.013  2.298 -0.983 -0.983  0.    -1.65 ]] 
----------------------------------------------------------------------------------------
   Fe1   Fe1   (  1,   0,   0)  7.9600   ( 1.435,  1.435,  1.435)  2.485 
J_iso:  7.9600 
Orbital contributions:
 [[-0.082  0.011  0.011  0.011  0.    -0.047 -0.047  0.    -0.048]
 [ 0.011 -0.004  0.018  0.018 -0.094  0.013  0.013 -0.    -0.093]
 [ 0.011  0.018 -0.004  0.018 -0.024  0.013 -0.093 -0.071  0.013]
 [ 0.011  0.018  0.018 -0.004 -0.024 -0.093  0.013 -0.071  0.013]
 [ 0.    -0.094 -0.024 -0.024  3.097  0.576  0.576 -0.     2.298]
 [-0.047  0.013  0.013 -0.093  0.577 -1.65  -0.983  1.724 -0.983]
 [-0.047  0.013 -0.093  0.013  0.577 -0.983 -1.65   1.724 -0.983]
 [ 0.     0.    -0.071 -0.071 -0.     1.724  1.724  3.098  0.   ]
 [-0.047 -0.093  0.013  0.013  2.298 -0.983 -0.983  0.    -1.65 ]] 
----------------------------------------------------------------------------------------
   Fe1   Fe1   ( -1,   1,  -1)  7.9600   (-1.435,  1.435, -1.435)  2.485 
J_iso:  7.9600 
Orbital contributions:
 [[-0.082  0.011  0.011  0.011  0.    -0.047 -0.047  0.    -0.048]
 [ 0.011 -0.004  0.018  0.018 -0.094  0.013  0.013 -0.    -0.093]
 [ 0.011  0.018 -0.004  0.018 -0.024  0.013 -0.093 -0.071  0.013]
 [ 0.011  0.018  0.018 -0.004 -0.024 -0.093  0.013 -0.071  0.013]
 [ 0.    -0.094 -0.024 -0.024  3.097  0.576  0.576  0.     2.298]
 [-0.047  0.013  0.013 -0.093  0.577 -1.65  -0.983  1.724 -0.983]
 [-0.047  0.013 -0.093  0.013  0.577 -0.983 -1.65   1.724 -0.983]
 [ 0.    -0.    -0.071 -0.071  0.     1.724  1.724  3.098  0.   ]
 [-0.047 -0.093  0.013  0.013  2.298 -0.983 -0.983 -0.    -1.65 ]] 
----------------------------------------------------------------------------------------
   Fe1   Fe1   (  1,  -1,   1)  7.9600   ( 1.435, -1.435,  1.435)  2.485 
J_iso:  7.9600 
Orbital contributions:
 [[-0.082  0.011  0.011  0.011  0.    -0.047 -0.047  0.    -0.048]
 [ 0.011 -0.004  0.018  0.018 -0.094  0.013  0.013 -0.    -0.093]
 [ 0.011  0.018 -0.004  0.018 -0.024  0.013 -0.093 -0.071  0.013]
 [ 0.011  0.018  0.018 -0.004 -0.024 -0.093  0.013 -0.071  0.013]
 [ 0.    -0.094 -0.024 -0.024  3.097  0.576  0.576  0.     2.298]
 [-0.047  0.013  0.013 -0.093  0.577 -1.65  -0.983  1.724 -0.983]
 [-0.047  0.013 -0.093  0.013  0.577 -0.983 -1.65   1.724 -0.983]
 [ 0.    -0.    -0.071 -0.071  0.     1.724  1.724  3.098  0.   ]
 [-0.047 -0.093  0.013  0.013  2.298 -0.983 -0.983 -0.    -1.65 ]] 
----------------------------------------------------------------------------------------
   Fe1   Fe1   (  0,  -1,   0)  7.9600   ( 1.435, -1.435, -1.435)  2.485 
J_iso:  7.9600 
Orbital contributions:
 [[-0.082  0.011  0.011  0.011  0.    -0.047 -0.047  0.    -0.048]
 [ 0.011 -0.004  0.018  0.018 -0.094  0.013  0.013  0.    -0.093]
 [ 0.011  0.018 -0.004  0.018 -0.024  0.013 -0.093 -0.071  0.013]
 [ 0.011  0.018  0.018 -0.004 -0.024 -0.093  0.013 -0.071  0.013]
 [ 0.    -0.094 -0.024 -0.024  3.097  0.576  0.576 -0.     2.298]
 [-0.047  0.013  0.013 -0.093  0.577 -1.65  -0.983  1.724 -0.983]
 [-0.047  0.013 -0.093  0.013  0.577 -0.983 -1.65   1.724 -0.983]
 [-0.     0.    -0.071 -0.071 -0.     1.724  1.724  3.098 -0.   ]
 [-0.047 -0.093  0.013  0.013  2.298 -0.983 -0.983 -0.    -1.65 ]] 
----------------------------------------------------------------------------------------
   Fe1   Fe1   (  0,   1,   0)  7.9600   (-1.435,  1.435,  1.435)  2.485 
J_iso:  7.9600 
Orbital contributions:
 [[-0.082  0.011  0.011  0.011  0.    -0.047 -0.047  0.    -0.048]
 [ 0.011 -0.004  0.018  0.018 -0.094  0.013  0.013  0.    -0.093]
 [ 0.011  0.018 -0.004  0.018 -0.024  0.013 -0.093 -0.071  0.013]
 [ 0.011  0.018  0.018 -0.004 -0.024 -0.093  0.013 -0.071  0.013]
 [ 0.    -0.094 -0.024 -0.024  3.097  0.576  0.576 -0.     2.298]
 [-0.047  0.013  0.013 -0.093  0.577 -1.65  -0.983  1.724 -0.983]
 [-0.047  0.013 -0.093  0.013  0.577 -0.983 -1.65   1.724 -0.983]
 [-0.     0.    -0.071 -0.071 -0.     1.724  1.724  3.098 -0.   ]
 [-0.047 -0.093  0.013  0.013  2.298 -0.983 -0.983 -0.    -1.65 ]] 
----------------------------------------------------------------------------------------
   Fe1   Fe1   (  0,   0,  -1)  7.9600   ( 1.435,  1.435, -1.435)  2.485 
J_iso:  7.9600 
Orbital contributions:
 [[-0.082  0.011  0.011  0.011  0.    -0.047 -0.047 -0.    -0.048]
 [ 0.011 -0.004  0.018  0.018 -0.094  0.013  0.013 -0.    -0.093]
 [ 0.011  0.018 -0.004  0.018 -0.024  0.013 -0.093 -0.071  0.013]
 [ 0.011  0.018  0.018 -0.004 -0.024 -0.093  0.013 -0.071  0.013]
 [ 0.    -0.094 -0.024 -0.024  3.097  0.576  0.576  0.     2.298]
 [-0.047  0.013  0.013 -0.093  0.577 -1.65  -0.983  1.724 -0.983]
 [-0.047  0.013 -0.093  0.013  0.577 -0.983 -1.65   1.724 -0.983]
 [-0.     0.    -0.071 -0.071 -0.     1.724  1.724  3.098  0.   ]
 [-0.047 -0.093  0.013  0.013  2.298 -0.983 -0.983 -0.    -1.65 ]] 
----------------------------------------------------------------------------------------
   Fe1   Fe1   (  0,   0,   1)  7.9600   (-1.435, -1.435,  1.435)  2.485 
J_iso:  7.9600 
Orbital contributions:
 [[-0.082  0.011  0.011  0.011  0.    -0.047 -0.047 -0.    -0.048]
 [ 0.011 -0.004  0.018  0.018 -0.094  0.013  0.013 -0.    -0.093]
 [ 0.011  0.018 -0.004  0.018 -0.024  0.013 -0.093 -0.071  0.013]
 [ 0.011  0.018  0.018 -0.004 -0.024 -0.093  0.013 -0.071  0.013]
 [ 0.    -0.094 -0.024 -0.024  3.097  0.576  0.576  0.     2.298]
 [-0.047  0.013  0.013 -0.093  0.577 -1.65  -0.983  1.724 -0.983]
 [-0.047  0.013 -0.093  0.013  0.577 -0.983 -1.65   1.724 -0.983]
 [-0.     0.    -0.071 -0.071 -0.     1.724  1.724  3.098  0.   ]
 [-0.047 -0.093  0.013  0.013  2.298 -0.983 -0.983 -0.    -1.65 ]] 
----------------------------------------------------------------------------------------
   Fe1   Fe1   ( -1,   0,  -1)  6.5841   ( 0.000,  0.000, -2.870)  2.870 
J_iso:  6.5841 
Orbital contributions:
 [[-0.047 -0.027  0.    -0.    -0.053  0.     0.     0.    -0.   ]
 [-0.027  0.065 -0.     0.    -0.184  0.     0.    -0.    -0.   ]
 [-0.    -0.    -0.002  0.    -0.    -0.084  0.     0.     0.   ]
 [-0.    -0.    -0.    -0.002  0.    -0.    -0.084  0.     0.   ]
 [-0.051 -0.184  0.     0.    -1.289  0.     0.    -0.    -0.   ]
 [-0.    -0.    -0.084  0.    -0.     3.75   0.    -0.    -0.   ]
 [ 0.     0.    -0.    -0.084 -0.    -0.     3.75  -0.     0.   ]
 [ 0.    -0.     0.     0.    -0.     0.    -0.     0.716 -0.   ]
 [ 0.    -0.     0.    -0.     0.    -0.    -0.    -0.     0.506]] 
----------------------------------------------------------------------------------------
   Fe1   Fe1   (  1,   0,   1)  6.5841   ( 0.000,  0.000,  2.870)  2.870 
J_iso:  6.5841 
Orbital contributions:
 [[-0.047 -0.027  0.    -0.    -0.053  0.     0.     0.    -0.   ]
 [-0.027  0.065 -0.     0.    -0.184  0.     0.    -0.    -0.   ]
 [-0.    -0.    -0.002  0.    -0.    -0.084  0.     0.     0.   ]
 [-0.    -0.    -0.    -0.002  0.    -0.    -0.084  0.     0.   ]
 [-0.051 -0.184  0.     0.    -1.289  0.     0.    -0.    -0.   ]
 [-0.    -0.    -0.084  0.    -0.     3.75   0.    -0.    -0.   ]
 [ 0.     0.    -0.    -0.084 -0.    -0.     3.75  -0.     0.   ]
 [ 0.    -0.     0.     0.    -0.     0.    -0.     0.716 -0.   ]
 [ 0.    -0.     0.    -0.     0.    -0.    -0.    -0.     0.506]] 
----------------------------------------------------------------------------------------
   Fe1   Fe1   ( -1,   1,   0)  6.5907   (-2.870,  0.000,  0.000)  2.870 
J_iso:  6.5907 
Orbital contributions:
 [[-0.046 -0.    -0.027  0.    -0.013 -0.     0.    -0.039  0.   ]
 [-0.    -0.001  0.    -0.     0.    -0.084  0.    -0.     0.   ]
 [-0.027  0.     0.065 -0.    -0.046  0.     0.    -0.138 -0.   ]
 [-0.    -0.    -0.    -0.002  0.    -0.     0.    -0.    -0.085]
 [-0.014  0.    -0.046 -0.     1.     0.     0.    -0.788 -0.   ]
 [-0.    -0.084  0.     0.     0.     3.749  0.    -0.    -0.   ]
 [-0.    -0.     0.     0.     0.     0.     0.513  0.     0.   ]
 [-0.039 -0.    -0.138 -0.    -0.787 -0.     0.    -0.001 -0.   ]
 [ 0.    -0.     0.    -0.085  0.     0.    -0.     0.     3.755]] 
----------------------------------------------------------------------------------------
   Fe1   Fe1   (  1,  -1,   0)  6.5907   ( 2.870,  0.000,  0.000)  2.870 
J_iso:  6.5907 
Orbital contributions:
 [[-0.046 -0.    -0.027  0.    -0.013 -0.     0.    -0.039  0.   ]
 [-0.    -0.001  0.    -0.     0.    -0.084  0.    -0.     0.   ]
 [-0.027  0.     0.065 -0.    -0.046  0.     0.    -0.138 -0.   ]
 [-0.    -0.    -0.    -0.002  0.    -0.     0.    -0.    -0.085]
 [-0.014  0.    -0.046 -0.     1.     0.     0.    -0.788 -0.   ]
 [-0.    -0.084  0.     0.     0.     3.749  0.    -0.    -0.   ]
 [-0.    -0.     0.     0.     0.     0.     0.513  0.     0.   ]
 [-0.039 -0.    -0.138 -0.    -0.787 -0.     0.    -0.001 -0.   ]
 [ 0.    -0.     0.    -0.085  0.     0.    -0.     0.     3.755]] 
----------------------------------------------------------------------------------------
   Fe1   Fe1   (  0,  -1,   1)  6.5907   ( 0.000, -2.870,  0.000)  2.870 
J_iso:  6.5907 
Orbital contributions:
 [[-0.046  0.    -0.    -0.027 -0.013 -0.    -0.    -0.039 -0.   ]
 [ 0.    -0.001  0.    -0.     0.     0.    -0.084 -0.    -0.   ]
 [-0.    -0.    -0.002  0.    -0.    -0.     0.     0.    -0.085]
 [-0.027 -0.     0.     0.065 -0.046 -0.    -0.    -0.138 -0.   ]
 [-0.014  0.     0.    -0.046  1.     0.     0.    -0.788  0.   ]
 [ 0.     0.    -0.     0.     0.     0.513 -0.    -0.    -0.   ]
 [-0.    -0.084 -0.    -0.     0.    -0.     3.749 -0.     0.   ]
 [-0.039 -0.     0.    -0.138 -0.787  0.    -0.    -0.001 -0.   ]
 [ 0.     0.    -0.085  0.    -0.    -0.     0.    -0.     3.755]] 
----------------------------------------------------------------------------------------
   Fe1   Fe1   (  0,   1,  -1)  6.5907   ( 0.000,  2.870,  0.000)  2.870 
J_iso:  6.5907 
Orbital contributions:
 [[-0.046  0.    -0.    -0.027 -0.013 -0.    -0.    -0.039 -0.   ]
 [ 0.    -0.001  0.    -0.     0.     0.    -0.084 -0.    -0.   ]
 [-0.    -0.    -0.002  0.    -0.    -0.     0.     0.    -0.085]
 [-0.027 -0.     0.     0.065 -0.046 -0.    -0.    -0.138 -0.   ]
 [-0.014  0.     0.    -0.046  1.     0.     0.    -0.788  0.   ]
 [ 0.     0.    -0.     0.     0.     0.513 -0.    -0.    -0.   ]
 [-0.    -0.084 -0.    -0.     0.    -0.     3.749 -0.     0.   ]
 [-0.039 -0.     0.    -0.138 -0.787  0.    -0.    -0.001 -0.   ]
 [ 0.     0.    -0.085  0.    -0.    -0.     0.    -0.     3.755]] 
----------------------------------------------------------------------------------------
   Fe1   Fe1   ( -2,   1,  -1)  0.9126   (-2.870,  0.000, -2.870)  4.059 
J_iso:  0.9126 
Orbital contributions:
 [[ 0.006 -0.003 -0.003 -0.    -0.01   0.023  0.    -0.032 -0.   ]
 [-0.003 -0.001 -0.004 -0.     0.    -0.016  0.    -0.01  -0.   ]
 [-0.003 -0.004 -0.001 -0.    -0.004 -0.017  0.    -0.005 -0.   ]
 [-0.    -0.    -0.     0.004 -0.     0.    -0.016  0.    -0.016]
 [-0.011  0.    -0.004  0.     0.071  0.075  0.    -0.11  -0.   ]
 [ 0.023 -0.016 -0.017 -0.     0.075  0.179 -0.     0.225  0.   ]
 [-0.    -0.    -0.    -0.016  0.    -0.     0.189  0.     0.013]
 [-0.032 -0.01  -0.005  0.    -0.11   0.225 -0.     0.1    0.   ]
 [ 0.     0.     0.    -0.016 -0.     0.     0.013 -0.     0.188]] 
----------------------------------------------------------------------------------------
   Fe1   Fe1   (  2,  -1,   1)  0.9126   ( 2.870,  0.000,  2.870)  4.059 
J_iso:  0.9126 
Orbital contributions:
 [[ 0.006 -0.003 -0.003 -0.    -0.01   0.023  0.    -0.032 -0.   ]
 [-0.003 -0.001 -0.004 -0.     0.    -0.016  0.    -0.01  -0.   ]
 [-0.003 -0.004 -0.001 -0.    -0.004 -0.017  0.    -0.005 -0.   ]
 [-0.    -0.    -0.     0.004 -0.     0.    -0.016  0.    -0.016]
 [-0.011  0.    -0.004  0.     0.071  0.075  0.    -0.11  -0.   ]
 [ 0.023 -0.016 -0.017 -0.     0.075  0.179 -0.     0.225  0.   ]
 [-0.    -0.    -0.    -0.016  0.    -0.     0.189  0.     0.013]
 [-0.032 -0.01  -0.005  0.    -0.11   0.225 -0.     0.1    0.   ]
 [ 0.     0.     0.    -0.016 -0.     0.     0.013 -0.     0.188]] 
----------------------------------------------------------------------------------------
   Fe1   Fe1   ( -1,  -1,   0)  0.9126   ( 0.000, -2.870, -2.870)  4.059 
J_iso:  0.9126 
Orbital contributions:
 [[ 0.006 -0.003 -0.    -0.003 -0.01   0.     0.023 -0.032 -0.   ]
 [-0.003 -0.001 -0.    -0.004  0.    -0.    -0.016 -0.01   0.   ]
 [-0.    -0.     0.004  0.    -0.    -0.016  0.     0.    -0.016]
 [-0.003 -0.004  0.    -0.001 -0.004  0.    -0.017 -0.005  0.   ]
 [-0.011  0.    -0.    -0.004  0.071  0.     0.075 -0.11  -0.   ]
 [-0.     0.    -0.016 -0.    -0.     0.189 -0.    -0.     0.013]
 [ 0.023 -0.016 -0.    -0.017  0.075  0.     0.179  0.225  0.   ]
 [-0.032 -0.01   0.    -0.005 -0.11   0.     0.225  0.1   -0.   ]
 [ 0.    -0.    -0.016 -0.     0.     0.013  0.     0.     0.188]] 
----------------------------------------------------------------------------------------
   Fe1   Fe1   (  1,   1,   0)  0.9126   ( 0.000,  2.870,  2.870)  4.059 
J_iso:  0.9126 
Orbital contributions:
 [[ 0.006 -0.003 -0.    -0.003 -0.01   0.     0.023 -0.032 -0.   ]
 [-0.003 -0.001 -0.    -0.004  0.    -0.    -0.016 -0.01   0.   ]
 [-0.    -0.     0.004  0.    -0.    -0.016  0.     0.    -0.016]
 [-0.003 -0.004  0.    -0.001 -0.004  0.    -0.017 -0.005  0.   ]
 [-0.011  0.    -0.    -0.004  0.071  0.     0.075 -0.11  -0.   ]
 [-0.     0.    -0.016 -0.    -0.     0.189 -0.    -0.     0.013]
 [ 0.023 -0.016 -0.    -0.017  0.075  0.     0.179  0.225  0.   ]
 [-0.032 -0.01   0.    -0.005 -0.11   0.     0.225  0.1   -0.   ]
 [ 0.    -0.    -0.016 -0.     0.     0.013  0.     0.     0.188]] 
----------------------------------------------------------------------------------------
   Fe1   Fe1   ( -1,   0,   1)  0.9121   (-2.870, -2.870,  0.000)  4.059 
J_iso:  0.9121 
Orbital contributions:
 [[ 0.006  0.    -0.003 -0.003 -0.043  0.     0.    -0.     0.023]
 [-0.     0.004  0.    -0.    -0.    -0.017 -0.017  0.    -0.   ]
 [-0.003  0.    -0.001 -0.004 -0.01   0.     0.     0.001 -0.017]
 [-0.003 -0.    -0.004 -0.001 -0.01  -0.     0.     0.001 -0.017]
 [-0.043 -0.    -0.01  -0.01   0.006  0.    -0.     0.     0.3  ]
 [-0.    -0.017  0.    -0.     0.     0.189  0.013 -0.    -0.   ]
 [-0.    -0.017 -0.    -0.     0.     0.013  0.189  0.     0.   ]
 [ 0.     0.     0.001  0.001  0.     0.    -0.    -0.054  0.   ]
 [ 0.023  0.    -0.017 -0.017  0.3   -0.    -0.     0.     0.179]] 
----------------------------------------------------------------------------------------
   Fe1   Fe1   (  1,   0,  -1)  0.9121   ( 2.870,  2.870,  0.000)  4.059 
J_iso:  0.9121 
Orbital contributions:
 [[ 0.006  0.    -0.003 -0.003 -0.043  0.     0.    -0.     0.023]
 [-0.     0.004  0.    -0.    -0.    -0.017 -0.017  0.    -0.   ]
 [-0.003  0.    -0.001 -0.004 -0.01   0.     0.     0.001 -0.017]
 [-0.003 -0.    -0.004 -0.001 -0.01  -0.     0.     0.001 -0.017]
 [-0.043 -0.    -0.01  -0.01   0.006  0.    -0.     0.     0.3  ]
 [-0.    -0.017  0.    -0.     0.     0.189  0.013 -0.    -0.   ]
 [-0.    -0.017 -0.    -0.     0.     0.013  0.189  0.     0.   ]
 [ 0.     0.     0.001  0.001  0.     0.    -0.    -0.054  0.   ]
 [ 0.023  0.    -0.017 -0.017  0.3   -0.    -0.     0.     0.179]] 
----------------------------------------------------------------------------------------
   Fe1   Fe1   ( -1,   1,  -2)  0.9126   ( 0.000,  2.870, -2.870)  4.059 
J_iso:  0.9126 
Orbital contributions:
 [[ 0.006 -0.003  0.    -0.003 -0.01   0.     0.023 -0.032 -0.   ]
 [-0.003 -0.001 -0.    -0.004  0.     0.    -0.016 -0.01  -0.   ]
 [-0.    -0.     0.004  0.    -0.    -0.016  0.    -0.    -0.016]
 [-0.003 -0.004  0.    -0.001 -0.004 -0.    -0.017 -0.005 -0.   ]
 [-0.011  0.     0.    -0.004  0.071  0.     0.075 -0.11  -0.   ]
 [ 0.    -0.    -0.016 -0.    -0.     0.189  0.    -0.     0.013]
 [ 0.023 -0.016 -0.    -0.017  0.075  0.     0.179  0.225 -0.   ]
 [-0.032 -0.01  -0.    -0.005 -0.11   0.     0.225  0.1   -0.   ]
 [-0.     0.    -0.016 -0.     0.     0.013  0.    -0.     0.188]] 
----------------------------------------------------------------------------------------
   Fe1   Fe1   (  1,  -1,   2)  0.9126   ( 0.000, -2.870,  2.870)  4.059 
J_iso:  0.9126 
Orbital contributions:
 [[ 0.006 -0.003  0.    -0.003 -0.01   0.     0.023 -0.032 -0.   ]
 [-0.003 -0.001 -0.    -0.004  0.     0.    -0.016 -0.01  -0.   ]
 [-0.    -0.     0.004  0.    -0.    -0.016  0.    -0.    -0.016]
 [-0.003 -0.004  0.    -0.001 -0.004 -0.    -0.017 -0.005 -0.   ]
 [-0.011  0.     0.    -0.004  0.071  0.     0.075 -0.11  -0.   ]
 [ 0.    -0.    -0.016 -0.    -0.     0.189  0.    -0.     0.013]
 [ 0.023 -0.016 -0.    -0.017  0.075  0.     0.179  0.225 -0.   ]
 [-0.032 -0.01  -0.    -0.005 -0.11   0.     0.225  0.1   -0.   ]
 [-0.     0.    -0.016 -0.     0.     0.013  0.    -0.     0.188]] 
----------------------------------------------------------------------------------------
   Fe1   Fe1   ( -1,   2,  -1)  0.9121   (-2.870,  2.870,  0.000)  4.059 
J_iso:  0.9121 
Orbital contributions:
 [[ 0.006  0.    -0.003 -0.003 -0.043  0.     0.    -0.     0.023]
 [ 0.     0.004  0.     0.    -0.    -0.017 -0.017  0.     0.   ]
 [-0.003  0.    -0.001 -0.004 -0.01  -0.    -0.     0.001 -0.017]
 [-0.003  0.    -0.004 -0.001 -0.01   0.    -0.     0.001 -0.017]
 [-0.043 -0.    -0.01  -0.01   0.006 -0.     0.     0.     0.3  ]
 [-0.    -0.017  0.     0.    -0.     0.189  0.013  0.    -0.   ]
 [-0.    -0.017 -0.     0.     0.     0.013  0.189  0.     0.   ]
 [-0.    -0.     0.001  0.001  0.    -0.    -0.    -0.054  0.   ]
 [ 0.023 -0.    -0.017 -0.017  0.3    0.     0.     0.     0.179]] 
----------------------------------------------------------------------------------------
   Fe1   Fe1   (  1,  -2,   1)  0.9121   ( 2.870, -2.870,  0.000)  4.059 
J_iso:  0.9121 
Orbital contributions:
 [[ 0.006  0.    -0.003 -0.003 -0.043  0.     0.    -0.     0.023]
 [ 0.     0.004  0.     0.    -0.    -0.017 -0.017  0.     0.   ]
 [-0.003  0.    -0.001 -0.004 -0.01  -0.    -0.     0.001 -0.017]
 [-0.003  0.    -0.004 -0.001 -0.01   0.    -0.     0.001 -0.017]
 [-0.043 -0.    -0.01  -0.01   0.006 -0.     0.     0.     0.3  ]
 [-0.    -0.017  0.     0.    -0.     0.189  0.013  0.    -0.   ]
 [-0.    -0.017 -0.     0.     0.     0.013  0.189  0.     0.   ]
 [-0.    -0.     0.001  0.001  0.    -0.    -0.    -0.054  0.   ]
 [ 0.023 -0.    -0.017 -0.017  0.3    0.     0.     0.     0.179]] 
----------------------------------------------------------------------------------------
   Fe1   Fe1   (  0,  -1,  -1)  0.9126   ( 2.870,  0.000, -2.870)  4.059 
J_iso:  0.9126 
Orbital contributions:
 [[ 0.006 -0.003 -0.003  0.    -0.01   0.023 -0.    -0.032 -0.   ]
 [-0.003 -0.001 -0.004 -0.     0.    -0.016 -0.    -0.01   0.   ]
 [-0.003 -0.004 -0.001  0.    -0.004 -0.017  0.    -0.005  0.   ]
 [-0.    -0.     0.     0.004  0.     0.    -0.016 -0.    -0.016]
 [-0.011  0.    -0.004 -0.     0.071  0.075  0.    -0.11   0.   ]
 [ 0.023 -0.016 -0.017 -0.     0.075  0.179  0.     0.225  0.   ]
 [ 0.     0.    -0.    -0.016 -0.     0.     0.189 -0.     0.013]
 [-0.032 -0.01  -0.005 -0.    -0.11   0.225  0.     0.1   -0.   ]
 [ 0.    -0.     0.    -0.016 -0.     0.     0.013  0.     0.188]] 
----------------------------------------------------------------------------------------
   Fe1   Fe1   (  0,   1,   1)  0.9126   (-2.870,  0.000,  2.870)  4.059 
J_iso:  0.9126 
Orbital contributions:
 [[ 0.006 -0.003 -0.003  0.    -0.01   0.023 -0.    -0.032 -0.   ]
 [-0.003 -0.001 -0.004 -0.     0.    -0.016 -0.    -0.01   0.   ]
 [-0.003 -0.004 -0.001  0.    -0.004 -0.017  0.    -0.005  0.   ]
 [-0.    -0.     0.     0.004  0.     0.    -0.016 -0.    -0.016]
 [-0.011  0.    -0.004 -0.     0.071  0.075  0.    -0.11   0.   ]
 [ 0.023 -0.016 -0.017 -0.     0.075  0.179  0.     0.225  0.   ]
 [ 0.     0.    -0.    -0.016 -0.     0.     0.189 -0.     0.013]
 [-0.032 -0.01  -0.005 -0.    -0.11   0.225  0.     0.1   -0.   ]
 [ 0.    -0.     0.    -0.016 -0.     0.     0.013  0.     0.188]] 
----------------------------------------------------------------------------------------
   Fe1   Fe1   ( -2,   0,  -1) -1.0624   (-1.435, -1.435, -4.305)  4.759 
J_iso: -1.0624 
Orbital contributions:
 [[-0.002  0.002 -0.    -0.    -0.002  0.003  0.003 -0.    -0.013]
 [ 0.002 -0.002  0.     0.    -0.008  0.002  0.002 -0.    -0.005]
 [-0.     0.    -0.     0.001 -0.004  0.002 -0.007 -0.001 -0.001]
 [-0.     0.     0.001 -0.    -0.004 -0.007  0.002 -0.001 -0.001]
 [-0.002 -0.008 -0.004 -0.004  0.05  -0.136 -0.136 -0.    -0.072]
 [ 0.003  0.002  0.002 -0.007 -0.136 -0.28  -0.15   0.047 -0.068]
 [ 0.003  0.002 -0.007  0.002 -0.136 -0.15  -0.28   0.047 -0.068]
 [-0.     0.    -0.001 -0.001 -0.     0.047  0.047 -0.041  0.   ]
 [-0.013 -0.005 -0.001 -0.001 -0.072 -0.068 -0.068 -0.     0.637]] 
----------------------------------------------------------------------------------------
   Fe1   Fe1   (  2,   0,   1) -1.0624   ( 1.435,  1.435,  4.305)  4.759 
J_iso: -1.0624 
Orbital contributions:
 [[-0.002  0.002 -0.    -0.    -0.002  0.003  0.003 -0.    -0.013]
 [ 0.002 -0.002  0.     0.    -0.008  0.002  0.002 -0.    -0.005]
 [-0.     0.    -0.     0.001 -0.004  0.002 -0.007 -0.001 -0.001]
 [-0.     0.     0.001 -0.    -0.004 -0.007  0.002 -0.001 -0.001]
 [-0.002 -0.008 -0.004 -0.004  0.05  -0.136 -0.136 -0.    -0.072]
 [ 0.003  0.002  0.002 -0.007 -0.136 -0.28  -0.15   0.047 -0.068]
 [ 0.003  0.002 -0.007  0.002 -0.136 -0.15  -0.28   0.047 -0.068]
 [-0.     0.    -0.001 -0.001 -0.     0.047  0.047 -0.041  0.   ]
 [-0.013 -0.005 -0.001 -0.001 -0.072 -0.068 -0.068 -0.     0.637]] 
----------------------------------------------------------------------------------------
   Fe1   Fe1   ( -2,   1,  -2) -1.0624   (-1.435,  1.435, -4.305)  4.759 
J_iso: -1.0624 
Orbital contributions:
 [[-0.002  0.002 -0.    -0.    -0.002  0.003  0.003 -0.    -0.013]
 [ 0.002 -0.002  0.     0.    -0.008  0.002  0.002 -0.    -0.005]
 [-0.     0.    -0.     0.001 -0.004  0.002 -0.007 -0.001 -0.001]
 [-0.     0.     0.001 -0.    -0.004 -0.007  0.002 -0.001 -0.001]
 [-0.002 -0.008 -0.004 -0.004  0.05  -0.136 -0.136  0.    -0.072]
 [ 0.003  0.002  0.002 -0.007 -0.136 -0.28  -0.15   0.047 -0.068]
 [ 0.003  0.002 -0.007  0.002 -0.136 -0.15  -0.28   0.047 -0.068]
 [-0.    -0.    -0.001 -0.001 -0.     0.047  0.047 -0.041  0.   ]
 [-0.013 -0.005 -0.001 -0.001 -0.072 -0.068 -0.068 -0.     0.637]] 
----------------------------------------------------------------------------------------
   Fe1   Fe1   (  2,  -1,   2) -1.0624   ( 1.435, -1.435,  4.305)  4.759 
J_iso: -1.0624 
Orbital contributions:
 [[-0.002  0.002 -0.    -0.    -0.002  0.003  0.003 -0.    -0.013]
 [ 0.002 -0.002  0.     0.    -0.008  0.002  0.002 -0.    -0.005]
 [-0.     0.    -0.     0.001 -0.004  0.002 -0.007 -0.001 -0.001]
 [-0.     0.     0.001 -0.    -0.004 -0.007  0.002 -0.001 -0.001]
 [-0.002 -0.008 -0.004 -0.004  0.05  -0.136 -0.136  0.    -0.072]
 [ 0.003  0.002  0.002 -0.007 -0.136 -0.28  -0.15   0.047 -0.068]
 [ 0.003  0.002 -0.007  0.002 -0.136 -0.15  -0.28   0.047 -0.068]
 [-0.    -0.    -0.001 -0.001 -0.     0.047  0.047 -0.041  0.   ]
 [-0.013 -0.005 -0.001 -0.001 -0.072 -0.068 -0.068 -0.     0.637]] 
----------------------------------------------------------------------------------------
   Fe1   Fe1   ( -2,   1,   0) -1.0633   (-4.305, -1.435, -1.435)  4.759 
J_iso: -1.0633 
Orbital contributions:
 [[-0.002 -0.     0.002 -0.    -0.001  0.003 -0.013 -0.001  0.003]
 [-0.    -0.     0.     0.001  0.001  0.002 -0.001 -0.007 -0.007]
 [ 0.002  0.    -0.002  0.    -0.002  0.002 -0.005 -0.006  0.002]
 [-0.     0.001  0.    -0.    -0.005 -0.007 -0.001 -0.     0.002]
 [-0.001  0.001 -0.002 -0.005  0.013 -0.036 -0.018 -0.032  0.038]
 [ 0.003  0.002  0.002 -0.007 -0.036 -0.28  -0.068 -0.053 -0.15 ]
 [-0.013 -0.001 -0.005 -0.001 -0.018 -0.068  0.637 -0.054 -0.068]
 [-0.001 -0.007 -0.006 -0.    -0.032 -0.053 -0.054  0.059 -0.127]
 [ 0.003 -0.007  0.002  0.002  0.038 -0.15  -0.068 -0.127 -0.28 ]] 
----------------------------------------------------------------------------------------
   Fe1   Fe1   (  2,  -1,   0) -1.0633   ( 4.305,  1.435,  1.435)  4.759 
J_iso: -1.0633 
Orbital contributions:
 [[-0.002 -0.     0.002 -0.    -0.001  0.003 -0.013 -0.001  0.003]
 [-0.    -0.     0.     0.001  0.001  0.002 -0.001 -0.007 -0.007]
 [ 0.002  0.    -0.002  0.    -0.002  0.002 -0.005 -0.006  0.002]
 [-0.     0.001  0.    -0.    -0.005 -0.007 -0.001 -0.     0.002]
 [-0.001  0.001 -0.002 -0.005  0.013 -0.036 -0.018 -0.032  0.038]
 [ 0.003  0.002  0.002 -0.007 -0.036 -0.28  -0.068 -0.053 -0.15 ]
 [-0.013 -0.001 -0.005 -0.001 -0.018 -0.068  0.637 -0.054 -0.068]
 [-0.001 -0.007 -0.006 -0.    -0.032 -0.053 -0.054  0.059 -0.127]
 [ 0.003 -0.007  0.002  0.002  0.038 -0.15  -0.068 -0.127 -0.28 ]] 
----------------------------------------------------------------------------------------
   Fe1   Fe1   ( -2,   2,  -1) -1.0633   (-4.305,  1.435, -1.435)  4.759 
J_iso: -1.0633 
Orbital contributions:
 [[-0.002 -0.     0.002 -0.    -0.001  0.003 -0.013 -0.001  0.003]
 [-0.    -0.     0.     0.001  0.001  0.002 -0.001 -0.007 -0.007]
 [ 0.002  0.    -0.002  0.    -0.002  0.002 -0.005 -0.006  0.002]
 [-0.     0.001  0.    -0.    -0.005 -0.007 -0.001 -0.     0.002]
 [-0.001  0.001 -0.002 -0.005  0.013 -0.036 -0.018 -0.032  0.038]
 [ 0.003  0.002  0.002 -0.007 -0.036 -0.28  -0.068 -0.053 -0.15 ]
 [-0.013 -0.001 -0.005 -0.001 -0.018 -0.068  0.637 -0.054 -0.068]
 [-0.001 -0.007 -0.006 -0.    -0.032 -0.053 -0.054  0.059 -0.127]
 [ 0.003 -0.007  0.002  0.002  0.038 -0.15  -0.068 -0.127 -0.28 ]] 
----------------------------------------------------------------------------------------
   Fe1   Fe1   (  2,  -2,   1) -1.0633   ( 4.305, -1.435,  1.435)  4.759 
J_iso: -1.0633 
Orbital contributions:
 [[-0.002 -0.     0.002 -0.    -0.001  0.003 -0.013 -0.001  0.003]
 [-0.    -0.     0.     0.001  0.001  0.002 -0.001 -0.007 -0.007]
 [ 0.002  0.    -0.002  0.    -0.002  0.002 -0.005 -0.006  0.002]
 [-0.     0.001  0.    -0.    -0.005 -0.007 -0.001 -0.     0.002]
 [-0.001  0.001 -0.002 -0.005  0.013 -0.036 -0.018 -0.032  0.038]
 [ 0.003  0.002  0.002 -0.007 -0.036 -0.28  -0.068 -0.053 -0.15 ]
 [-0.013 -0.001 -0.005 -0.001 -0.018 -0.068  0.637 -0.054 -0.068]
 [-0.001 -0.007 -0.006 -0.    -0.032 -0.053 -0.054  0.059 -0.127]
 [ 0.003 -0.007  0.002  0.002  0.038 -0.15  -0.068 -0.127 -0.28 ]] 
----------------------------------------------------------------------------------------
   Fe1   Fe1   ( -1,  -1,  -1) -1.0624   ( 1.435, -1.435, -4.305)  4.759 
J_iso: -1.0624 
Orbital contributions:
 [[-0.002  0.002 -0.    -0.    -0.002  0.003  0.003 -0.    -0.013]
 [ 0.002 -0.002  0.     0.    -0.008  0.002  0.002  0.    -0.005]
 [-0.     0.    -0.     0.001 -0.004  0.002 -0.007 -0.001 -0.001]
 [-0.     0.     0.001 -0.    -0.004 -0.007  0.002 -0.001 -0.001]
 [-0.002 -0.008 -0.004 -0.004  0.05  -0.136 -0.136  0.    -0.072]
 [ 0.003  0.002  0.002 -0.007 -0.136 -0.28  -0.15   0.047 -0.068]
 [ 0.003  0.002 -0.007  0.002 -0.136 -0.15  -0.28   0.047 -0.068]
 [ 0.     0.    -0.001 -0.001 -0.     0.047  0.047 -0.041  0.   ]
 [-0.013 -0.005 -0.001 -0.001 -0.072 -0.068 -0.068 -0.     0.637]] 
----------------------------------------------------------------------------------------
   Fe1   Fe1   (  1,   1,   1) -1.0624   (-1.435,  1.435,  4.305)  4.759 
J_iso: -1.0624 
Orbital contributions:
 [[-0.002  0.002 -0.    -0.    -0.002  0.003  0.003 -0.    -0.013]
 [ 0.002 -0.002  0.     0.    -0.008  0.002  0.002  0.    -0.005]
 [-0.     0.    -0.     0.001 -0.004  0.002 -0.007 -0.001 -0.001]
 [-0.     0.     0.001 -0.    -0.004 -0.007  0.002 -0.001 -0.001]
 [-0.002 -0.008 -0.004 -0.004  0.05  -0.136 -0.136  0.    -0.072]
 [ 0.003  0.002  0.002 -0.007 -0.136 -0.28  -0.15   0.047 -0.068]
 [ 0.003  0.002 -0.007  0.002 -0.136 -0.15  -0.28   0.047 -0.068]
 [ 0.     0.    -0.001 -0.001 -0.     0.047  0.047 -0.041  0.   ]
 [-0.013 -0.005 -0.001 -0.001 -0.072 -0.068 -0.068 -0.     0.637]] 
----------------------------------------------------------------------------------------
   Fe1   Fe1   ( -1,  -1,   1) -1.0633   (-1.435, -4.305, -1.435)  4.759 
J_iso: -1.0633 
Orbital contributions:
 [[-0.002 -0.    -0.     0.002 -0.001 -0.013  0.003 -0.001  0.003]
 [-0.    -0.     0.001  0.     0.001 -0.001  0.002 -0.007 -0.007]
 [-0.     0.001 -0.     0.    -0.005 -0.001 -0.007 -0.     0.002]
 [ 0.002  0.     0.    -0.002 -0.002 -0.005  0.002 -0.006  0.002]
 [-0.001  0.001 -0.005 -0.002  0.013 -0.018 -0.036 -0.032  0.038]
 [-0.013 -0.001 -0.001 -0.005 -0.018  0.637 -0.068 -0.054 -0.068]
 [ 0.003  0.002 -0.007  0.002 -0.036 -0.068 -0.28  -0.053 -0.15 ]
 [-0.001 -0.007 -0.    -0.006 -0.032 -0.054 -0.053  0.059 -0.127]
 [ 0.003 -0.007  0.002  0.002  0.038 -0.068 -0.15  -0.127 -0.28 ]] 
----------------------------------------------------------------------------------------
   Fe1   Fe1   (  1,   1,  -1) -1.0633   ( 1.435,  4.305,  1.435)  4.759 
J_iso: -1.0633 
Orbital contributions:
 [[-0.002 -0.    -0.     0.002 -0.001 -0.013  0.003 -0.001  0.003]
 [-0.    -0.     0.001  0.     0.001 -0.001  0.002 -0.007 -0.007]
 [-0.     0.001 -0.     0.    -0.005 -0.001 -0.007 -0.     0.002]
 [ 0.002  0.     0.    -0.002 -0.002 -0.005  0.002 -0.006  0.002]
 [-0.001  0.001 -0.005 -0.002  0.013 -0.018 -0.036 -0.032  0.038]
 [-0.013 -0.001 -0.001 -0.005 -0.018  0.637 -0.068 -0.054 -0.068]
 [ 0.003  0.002 -0.007  0.002 -0.036 -0.068 -0.28  -0.053 -0.15 ]
 [-0.001 -0.007 -0.    -0.006 -0.032 -0.054 -0.053  0.059 -0.127]
 [ 0.003 -0.007  0.002  0.002  0.038 -0.068 -0.15  -0.127 -0.28 ]] 
----------------------------------------------------------------------------------------
   Fe1   Fe1   ( -1,   0,  -2) -1.0624   ( 1.435,  1.435, -4.305)  4.759 
J_iso: -1.0624 
Orbital contributions:
 [[-0.002  0.002 -0.    -0.    -0.002  0.003  0.003 -0.    -0.013]
 [ 0.002 -0.002  0.     0.    -0.008  0.002  0.002 -0.    -0.005]
 [-0.     0.    -0.     0.001 -0.004  0.002 -0.007 -0.001 -0.001]
 [-0.     0.     0.001 -0.    -0.004 -0.007  0.002 -0.001 -0.001]
 [-0.002 -0.008 -0.004 -0.004  0.05  -0.136 -0.136  0.    -0.072]
 [ 0.003  0.002  0.002 -0.007 -0.136 -0.28  -0.15   0.047 -0.068]
 [ 0.003  0.002 -0.007  0.002 -0.136 -0.15  -0.28   0.047 -0.068]
 [-0.     0.    -0.001 -0.001 -0.     0.047  0.047 -0.041  0.   ]
 [-0.013 -0.005 -0.001 -0.001 -0.072 -0.068 -0.068 -0.     0.637]] 
----------------------------------------------------------------------------------------
   Fe1   Fe1   (  1,   0,   2) -1.0624   (-1.435, -1.435,  4.305)  4.759 
J_iso: -1.0624 
Orbital contributions:
 [[-0.002  0.002 -0.    -0.    -0.002  0.003  0.003 -0.    -0.013]
 [ 0.002 -0.002  0.     0.    -0.008  0.002  0.002 -0.    -0.005]
 [-0.     0.    -0.     0.001 -0.004  0.002 -0.007 -0.001 -0.001]
 [-0.     0.     0.001 -0.    -0.004 -0.007  0.002 -0.001 -0.001]
 [-0.002 -0.008 -0.004 -0.004  0.05  -0.136 -0.136  0.    -0.072]
 [ 0.003  0.002  0.002 -0.007 -0.136 -0.28  -0.15   0.047 -0.068]
 [ 0.003  0.002 -0.007  0.002 -0.136 -0.15  -0.28   0.047 -0.068]
 [-0.     0.    -0.001 -0.001 -0.     0.047  0.047 -0.041  0.   ]
 [-0.013 -0.005 -0.001 -0.001 -0.072 -0.068 -0.068 -0.     0.637]] 
----------------------------------------------------------------------------------------
   Fe1   Fe1   ( -1,   1,   1) -1.0633   (-4.305, -1.435,  1.435)  4.759 
J_iso: -1.0633 
Orbital contributions:
 [[-0.002 -0.     0.002 -0.    -0.001  0.003 -0.013 -0.001  0.003]
 [-0.    -0.     0.     0.001  0.001  0.002 -0.001 -0.007 -0.007]
 [ 0.002  0.    -0.002  0.    -0.002  0.002 -0.005 -0.006  0.002]
 [-0.     0.001  0.    -0.    -0.005 -0.007 -0.001 -0.     0.002]
 [-0.001  0.001 -0.002 -0.005  0.013 -0.036 -0.018 -0.032  0.038]
 [ 0.003  0.002  0.002 -0.007 -0.036 -0.28  -0.068 -0.053 -0.15 ]
 [-0.013 -0.001 -0.005 -0.001 -0.018 -0.068  0.637 -0.054 -0.068]
 [-0.001 -0.007 -0.006 -0.    -0.032 -0.053 -0.054  0.059 -0.127]
 [ 0.003 -0.007  0.002  0.002  0.038 -0.15  -0.068 -0.127 -0.28 ]] 
----------------------------------------------------------------------------------------
   Fe1   Fe1   (  1,  -1,  -1) -1.0633   ( 4.305,  1.435, -1.435)  4.759 
J_iso: -1.0633 
Orbital contributions:
 [[-0.002 -0.     0.002 -0.    -0.001  0.003 -0.013 -0.001  0.003]
 [-0.    -0.     0.     0.001  0.001  0.002 -0.001 -0.007 -0.007]
 [ 0.002  0.    -0.002  0.    -0.002  0.002 -0.005 -0.006  0.002]
 [-0.     0.001  0.    -0.    -0.005 -0.007 -0.001 -0.     0.002]
 [-0.001  0.001 -0.002 -0.005  0.013 -0.036 -0.018 -0.032  0.038]
 [ 0.003  0.002  0.002 -0.007 -0.036 -0.28  -0.068 -0.053 -0.15 ]
 [-0.013 -0.001 -0.005 -0.001 -0.018 -0.068  0.637 -0.054 -0.068]
 [-0.001 -0.007 -0.006 -0.    -0.032 -0.053 -0.054  0.059 -0.127]
 [ 0.003 -0.007  0.002  0.002  0.038 -0.15  -0.068 -0.127 -0.28 ]] 
----------------------------------------------------------------------------------------
   Fe1   Fe1   ( -1,   2,  -2) -1.0633   (-1.435,  4.305, -1.435)  4.759 
J_iso: -1.0633 
Orbital contributions:
 [[-0.002 -0.    -0.     0.002 -0.001 -0.013  0.003 -0.001  0.003]
 [-0.    -0.     0.001  0.     0.001 -0.001  0.002 -0.007 -0.007]
 [-0.     0.001 -0.     0.    -0.005 -0.001 -0.007 -0.     0.002]
 [ 0.002  0.     0.    -0.002 -0.002 -0.005  0.002 -0.006  0.002]
 [-0.001  0.001 -0.005 -0.002  0.013 -0.018 -0.036 -0.032  0.038]
 [-0.013 -0.001 -0.001 -0.005 -0.018  0.637 -0.068 -0.054 -0.068]
 [ 0.003  0.002 -0.007  0.002 -0.036 -0.068 -0.28  -0.053 -0.15 ]
 [-0.001 -0.007 -0.    -0.006 -0.032 -0.054 -0.053  0.059 -0.127]
 [ 0.003 -0.007  0.002  0.002  0.038 -0.068 -0.15  -0.127 -0.28 ]] 
----------------------------------------------------------------------------------------
   Fe1   Fe1   (  1,  -2,   2) -1.0633   ( 1.435, -4.305,  1.435)  4.759 
J_iso: -1.0633 
Orbital contributions:
 [[-0.002 -0.    -0.     0.002 -0.001 -0.013  0.003 -0.001  0.003]
 [-0.    -0.     0.001  0.     0.001 -0.001  0.002 -0.007 -0.007]
 [-0.     0.001 -0.     0.    -0.005 -0.001 -0.007 -0.     0.002]
 [ 0.002  0.     0.    -0.002 -0.002 -0.005  0.002 -0.006  0.002]
 [-0.001  0.001 -0.005 -0.002  0.013 -0.018 -0.036 -0.032  0.038]
 [-0.013 -0.001 -0.001 -0.005 -0.018  0.637 -0.068 -0.054 -0.068]
 [ 0.003  0.002 -0.007  0.002 -0.036 -0.068 -0.28  -0.053 -0.15 ]
 [-0.001 -0.007 -0.    -0.006 -0.032 -0.054 -0.053  0.059 -0.127]
 [ 0.003 -0.007  0.002  0.002  0.038 -0.068 -0.15  -0.127 -0.28 ]] 
----------------------------------------------------------------------------------------
   Fe1   Fe1   ( -1,   2,   0) -1.0633   (-4.305,  1.435,  1.435)  4.759 
J_iso: -1.0633 
Orbital contributions:
 [[-0.002 -0.     0.002 -0.    -0.001  0.003 -0.013 -0.001  0.003]
 [-0.    -0.     0.     0.001  0.001  0.002 -0.001 -0.007 -0.007]
 [ 0.002  0.    -0.002  0.    -0.002  0.002 -0.005 -0.006  0.002]
 [-0.     0.001  0.    -0.    -0.005 -0.007 -0.001 -0.     0.002]
 [-0.001  0.001 -0.002 -0.005  0.013 -0.036 -0.018 -0.032  0.038]
 [ 0.003  0.002  0.002 -0.007 -0.036 -0.28  -0.068 -0.053 -0.15 ]
 [-0.013 -0.001 -0.005 -0.001 -0.018 -0.068  0.637 -0.054 -0.068]
 [-0.001 -0.007 -0.006 -0.    -0.032 -0.053 -0.054  0.059 -0.127]
 [ 0.003 -0.007  0.002  0.002  0.038 -0.15  -0.068 -0.127 -0.28 ]] 
----------------------------------------------------------------------------------------
   Fe1   Fe1   (  1,  -2,   0) -1.0633   ( 4.305, -1.435, -1.435)  4.759 
J_iso: -1.0633 
Orbital contributions:
 [[-0.002 -0.     0.002 -0.    -0.001  0.003 -0.013 -0.001  0.003]
 [-0.    -0.     0.     0.001  0.001  0.002 -0.001 -0.007 -0.007]
 [ 0.002  0.    -0.002  0.    -0.002  0.002 -0.005 -0.006  0.002]
 [-0.     0.001  0.    -0.    -0.005 -0.007 -0.001 -0.     0.002]
 [-0.001  0.001 -0.002 -0.005  0.013 -0.036 -0.018 -0.032  0.038]
 [ 0.003  0.002  0.002 -0.007 -0.036 -0.28  -0.068 -0.053 -0.15 ]
 [-0.013 -0.001 -0.005 -0.001 -0.018 -0.068  0.637 -0.054 -0.068]
 [-0.001 -0.007 -0.006 -0.    -0.032 -0.053 -0.054  0.059 -0.127]
 [ 0.003 -0.007  0.002  0.002  0.038 -0.15  -0.068 -0.127 -0.28 ]] 
----------------------------------------------------------------------------------------
   Fe1   Fe1   (  0,  -2,   1) -1.0633   ( 1.435, -4.305, -1.435)  4.759 
J_iso: -1.0633 
Orbital contributions:
 [[-0.002 -0.    -0.     0.002 -0.001 -0.013  0.003 -0.001  0.003]
 [-0.    -0.     0.001  0.     0.001 -0.001  0.002 -0.007 -0.007]
 [-0.     0.001 -0.     0.    -0.005 -0.001 -0.007 -0.     0.002]
 [ 0.002  0.     0.    -0.002 -0.002 -0.005  0.002 -0.006  0.002]
 [-0.001  0.001 -0.005 -0.002  0.013 -0.018 -0.036 -0.032  0.038]
 [-0.013 -0.001 -0.001 -0.005 -0.018  0.637 -0.068 -0.054 -0.068]
 [ 0.003  0.002 -0.007  0.002 -0.036 -0.068 -0.28  -0.053 -0.15 ]
 [-0.001 -0.007 -0.    -0.006 -0.032 -0.054 -0.053  0.059 -0.127]
 [ 0.003 -0.007  0.002  0.002  0.038 -0.068 -0.15  -0.127 -0.28 ]] 
----------------------------------------------------------------------------------------
   Fe1   Fe1   (  0,   2,  -1) -1.0633   (-1.435,  4.305,  1.435)  4.759 
J_iso: -1.0633 
Orbital contributions:
 [[-0.002 -0.    -0.     0.002 -0.001 -0.013  0.003 -0.001  0.003]
 [-0.    -0.     0.001  0.     0.001 -0.001  0.002 -0.007 -0.007]
 [-0.     0.001 -0.     0.    -0.005 -0.001 -0.007 -0.     0.002]
 [ 0.002  0.     0.    -0.002 -0.002 -0.005  0.002 -0.006  0.002]
 [-0.001  0.001 -0.005 -0.002  0.013 -0.018 -0.036 -0.032  0.038]
 [-0.013 -0.001 -0.001 -0.005 -0.018  0.637 -0.068 -0.054 -0.068]
 [ 0.003  0.002 -0.007  0.002 -0.036 -0.068 -0.28  -0.053 -0.15 ]
 [-0.001 -0.007 -0.    -0.006 -0.032 -0.054 -0.053  0.059 -0.127]
 [ 0.003 -0.007  0.002  0.002  0.038 -0.068 -0.15  -0.127 -0.28 ]] 
----------------------------------------------------------------------------------------
   Fe1   Fe1   (  0,  -1,   2) -1.0633   (-1.435, -4.305,  1.435)  4.759 
J_iso: -1.0633 
Orbital contributions:
 [[-0.002 -0.    -0.     0.002 -0.001 -0.013  0.003 -0.001  0.003]
 [-0.    -0.     0.001  0.     0.001 -0.001  0.002 -0.007 -0.007]
 [-0.     0.001 -0.     0.    -0.005 -0.001 -0.007 -0.     0.002]
 [ 0.002  0.     0.    -0.002 -0.002 -0.005  0.002 -0.006  0.002]
