<?xml version="1.0" ?>
<System_definition>
	<unit_cell units="bohrradius">5.71157e-02	-7.46355e+00	7.46355e+00	
7.46355e+00	-7.46355e+00	5.71157e-02	
7.46355e+00	-5.71157e-02	7.46355e+00</unit_cell>
	<atom damping_factor="1.00000" gyroratio="1.00000e+00" index_spin="0" mass="2.08980e+02" massunits="atomicmassunit">
		<position units="bohrradius">4.56082e-01	-4.56082e-01	4.56082e-01</position>
		<spinat>-4.49501e-04	1.02536e-03	-4.47995e-03</spinat>
	</atom>
	<atom damping_factor="1.00000" gyroratio="1.00000e+00" index_spin="0" mass="2.08980e+02" massunits="atomicmassunit">
		<position units="bohrradius">7.94819e+00	-7.94819e+00	7.94819e+00</position>
		<spinat>1.02536e-03	-4.49500e-04	4.47983e-03</spinat>
	</atom>
	<atom damping_factor="1.00000" gyroratio="1.00000e+00" index_spin="1" mass="5.58450e+01" massunits="atomicmassunit">
		<position units="bohrradius">3.81066e+00	-3.81066e+00	3.81066e+00</position>
		<spinat>-1.90418e-03	2.83425e-03	4.11484e+00</spinat>
	</atom>
	<atom damping_factor="1.00000" gyroratio="1.00000e+00" index_spin="2" mass="5.58450e+01" massunits="atomicmassunit">
		<position units="bohrradius">1.13028e+01	-1.13028e+01	1.13028e+01</position>
		<spinat>2.83427e-03	-1.90417e-03	-4.11484e+00</spinat>
	</atom>
	<atom damping_factor="1.00000" gyroratio="1.00000e+00" index_spin="0" mass="1.59990e+01" massunits="atomicmassunit">
		<position units="bohrradius">1.04384e+01	-7.44326e+00	4.07395e+00</position>
		<spinat>-2.65319e-03	1.57153e-03	-5.58572e-02</spinat>
	</atom>
	<atom damping_factor="1.00000" gyroratio="1.00000e+00" index_spin="0" mass="1.59990e+01" massunits="atomicmassunit">
		<position units="bohrradius">1.15089e+01	-7.47181e+00	1.04670e+01</position>
		<spinat>-3.09011e-03	-1.35492e-04	5.62066e-02</spinat>
	</atom>
	<atom damping_factor="1.00000" gyroratio="1.00000e+00" index_spin="0" mass="1.59990e+01" massunits="atomicmassunit">
		<position units="bohrradius">7.44326e+00	-4.07395e+00	1.04384e+01</position>
		<spinat>-1.35492e-04	-3.09011e-03	-5.62067e-02</spinat>
	</atom>
	<atom damping_factor="1.00000" gyroratio="1.00000e+00" index_spin="0" mass="1.59990e+01" massunits="atomicmassunit">
		<position units="bohrradius">7.47181e+00	-1.04670e+01	1.15089e+01</position>
		<spinat>1.57153e-03	-2.65319e-03	5.58571e-02</spinat>
	</atom>
	<atom damping_factor="1.00000" gyroratio="1.00000e+00" index_spin="0" mass="1.59990e+01" massunits="atomicmassunit">
		<position units="bohrradius">4.07395e+00	-1.04384e+01	7.44326e+00</position>
		<spinat>1.11489e-03	5.08926e-04	-5.67646e-02</spinat>
	</atom>
	<atom damping_factor="1.00000" gyroratio="1.00000e+00" index_spin="0" mass="1.59990e+01" massunits="atomicmassunit">
		<position units="bohrradius">1.04670e+01	-1.15089e+01	7.47181e+00</position>
		<spinat>5.08927e-04	1.11489e-03	5.67645e-02</spinat>
	</atom>
	<spin_exchange_list units="eV">
		<nterms>52</nterms>
		<spin_exchange_term>
			<ijR>1 1 -1 0 0</ijR>
			<data>-2.10747e-05 	 -2.10747e-05 	 -2.10747e-05</data>
		</spin_exchange_term>
		<spin_exchange_term>
			<ijR>1 1 -1 0 1</ijR>
			<data>-7.41443e-04 	 -7.41443e-04 	 -7.41443e-04</data>
		</spin_exchange_term>
		<spin_exchange_term>
			<ijR>1 1 -1 1 0</ijR>
			<data>-7.40484e-04 	 -7.40484e-04 	 -7.40484e-04</data>
		</spin_exchange_term>
		<spin_exchange_term>
			<ijR>1 1 0 -1 0</ijR>
			<data>-2.21374e-05 	 -2.21374e-05 	 -2.21374e-05</data>
		</spin_exchange_term>
		<spin_exchange_term>
			<ijR>1 1 0 -1 1</ijR>
			<data>-7.42494e-04 	 -7.42494e-04 	 -7.42494e-04</data>
		</spin_exchange_term>
		<spin_exchange_term>
			<ijR>1 1 0 0 -1</ijR>
			<data>-2.13126e-05 	 -2.13126e-05 	 -2.13126e-05</data>
		</spin_exchange_term>
		<spin_exchange_term>
			<ijR>1 1 0 0 1</ijR>
			<data>-2.13126e-05 	 -2.13126e-05 	 -2.13126e-05</data>
		</spin_exchange_term>
		<spin_exchange_term>
			<ijR>1 1 0 1 -1</ijR>
			<data>-7.42494e-04 	 -7.42494e-04 	 -7.42494e-04</data>
		</spin_exchange_term>
		<spin_exchange_term>
			<ijR>1 1 0 1 0</ijR>
			<data>-2.21374e-05 	 -2.21374e-05 	 -2.21374e-05</data>
		</spin_exchange_term>
		<spin_exchange_term>
			<ijR>1 1 1 -1 0</ijR>
			<data>-7.40484e-04 	 -7.40484e-04 	 -7.40484e-04</data>
		</spin_exchange_term>
		<spin_exchange_term>
			<ijR>1 1 1 0 -1</ijR>
			<data>-7.41443e-04 	 -7.41443e-04 	 -7.41443e-04</data>
		</spin_exchange_term>
		<spin_exchange_term>
			<ijR>1 1 1 0 0</ijR>
			<data>-2.10747e-05 	 -2.10747e-05 	 -2.10747e-05</data>
		</spin_exchange_term>
		<spin_exchange_term>
			<ijR>1 2 -1 0 0</ijR>
			<data>-2.68056e-02 	 -2.68056e-02 	 -2.68056e-02</data>
		</spin_exchange_term>
		<spin_exchange_term>
			<ijR>1 2 0 -1 0</ijR>
			<data>-2.67484e-02 	 -2.67484e-02 	 -2.67484e-02</data>
		</spin_exchange_term>
		<spin_exchange_term>
			<ijR>1 2 0 0 -1</ijR>
			<data>-2.67867e-02 	 -2.67867e-02 	 -2.67867e-02</data>
		</spin_exchange_term>
		<spin_exchange_term>
			<ijR>1 2 0 0 0</ijR>
			<data>7.28170e-05 	 7.28170e-05 	 7.28170e-05</data>
		</spin_exchange_term>
		<spin_exchange_term>
			<ijR>1 2 -2 0 0</ijR>
			<data>-1.32246e-04 	 -1.32246e-04 	 -1.32246e-04</data>
		</spin_exchange_term>
		<spin_exchange_term>
			<ijR>1 2 -1 -1 -1</ijR>
			<data>7.28170e-05 	 7.28170e-05 	 7.28170e-05</data>
		</spin_exchange_term>
		<spin_exchange_term>
			<ijR>1 2 -1 -1 0</ijR>
			<data>-2.68057e-02 	 -2.68057e-02 	 -2.68057e-02</data>
		</spin_exchange_term>
		<spin_exchange_term>
			<ijR>1 2 -1 -1 1</ijR>
			<data>-1.32245e-04 	 -1.32245e-04 	 -1.32245e-04</data>
		</spin_exchange_term>
		<spin_exchange_term>
			<ijR>1 2 -1 0 -1</ijR>
			<data>-2.67484e-02 	 -2.67484e-02 	 -2.67484e-02</data>
		</spin_exchange_term>
		<spin_exchange_term>
			<ijR>1 2 -1 1 -1</ijR>
			<data>-1.31663e-04 	 -1.31663e-04 	 -1.31663e-04</data>
		</spin_exchange_term>
		<spin_exchange_term>
			<ijR>1 2 0 -2 0</ijR>
			<data>-1.31664e-04 	 -1.31664e-04 	 -1.31664e-04</data>
		</spin_exchange_term>
		<spin_exchange_term>
			<ijR>1 2 0 -1 -1</ijR>
			<data>-2.67867e-02 	 -2.67867e-02 	 -2.67867e-02</data>
		</spin_exchange_term>
		<spin_exchange_term>
			<ijR>1 2 0 0 -2</ijR>
			<data>-1.32067e-04 	 -1.32067e-04 	 -1.32067e-04</data>
		</spin_exchange_term>
		<spin_exchange_term>
			<ijR>1 2 1 -1 -1</ijR>
			<data>-1.32066e-04 	 -1.32066e-04 	 -1.32066e-04</data>
		</spin_exchange_term>
		<spin_exchange_term>
			<ijR>2 1 0 0 0</ijR>
			<data>7.28170e-05 	 7.28170e-05 	 7.28170e-05</data>
		</spin_exchange_term>
		<spin_exchange_term>
			<ijR>2 1 0 0 1</ijR>
			<data>-2.67867e-02 	 -2.67867e-02 	 -2.67867e-02</data>
		</spin_exchange_term>
		<spin_exchange_term>
			<ijR>2 1 0 1 0</ijR>
			<data>-2.67484e-02 	 -2.67484e-02 	 -2.67484e-02</data>
		</spin_exchange_term>
		<spin_exchange_term>
			<ijR>2 1 1 0 0</ijR>
			<data>-2.68056e-02 	 -2.68056e-02 	 -2.68056e-02</data>
		</spin_exchange_term>
		<spin_exchange_term>
			<ijR>2 1 -1 1 1</ijR>
			<data>-1.32066e-04 	 -1.32066e-04 	 -1.32066e-04</data>
		</spin_exchange_term>
		<spin_exchange_term>
			<ijR>2 1 0 0 2</ijR>
			<data>-1.32067e-04 	 -1.32067e-04 	 -1.32067e-04</data>
		</spin_exchange_term>
		<spin_exchange_term>
			<ijR>2 1 0 1 1</ijR>
			<data>-2.67867e-02 	 -2.67867e-02 	 -2.67867e-02</data>
		</spin_exchange_term>
		<spin_exchange_term>
			<ijR>2 1 0 2 0</ijR>
			<data>-1.31664e-04 	 -1.31664e-04 	 -1.31664e-04</data>
		</spin_exchange_term>
		<spin_exchange_term>
			<ijR>2 1 1 -1 1</ijR>
			<data>-1.31663e-04 	 -1.31663e-04 	 -1.31663e-04</data>
		</spin_exchange_term>
		<spin_exchange_term>
			<ijR>2 1 1 0 1</ijR>
			<data>-2.67484e-02 	 -2.67484e-02 	 -2.67484e-02</data>
		</spin_exchange_term>
		<spin_exchange_term>
			<ijR>2 1 1 1 -1</ijR>
			<data>-1.32245e-04 	 -1.32245e-04 	 -1.32245e-04</data>
		</spin_exchange_term>
		<spin_exchange_term>
			<ijR>2 1 1 1 0</ijR>
			<data>-2.68057e-02 	 -2.68057e-02 	 -2.68057e-02</data>
		</spin_exchange_term>
		<spin_exchange_term>
			<ijR>2 1 1 1 1</ijR>
			<data>7.28170e-05 	 7.28170e-05 	 7.28170e-05</data>
		</spin_exchange_term>
		<spin_exchange_term>
			<ijR>2 1 2 0 0</ijR>
			<data>-1.32246e-04 	 -1.32246e-04 	 -1.32246e-04</data>
		</spin_exchange_term>
		<spin_exchange_term>
			<ijR>2 2 -1 0 0</ijR>
			<data>-2.13125e-05 	 -2.13125e-05 	 -2.13125e-05</data>
		</spin_exchange_term>
		<spin_exchange_term>
			<ijR>2 2 -1 0 1</ijR>
			<data>-7.41444e-04 	 -7.41444e-04 	 -7.41444e-04</data>
		</spin_exchange_term>
		<spin_exchange_term>
			<ijR>2 2 -1 1 0</ijR>
			<data>-7.42496e-04 	 -7.42496e-04 	 -7.42496e-04</data>
		</spin_exchange_term>
		<spin_exchange_term>
			<ijR>2 2 0 -1 0</ijR>
			<data>-2.21372e-05 	 -2.21372e-05 	 -2.21372e-05</data>
		</spin_exchange_term>
		<spin_exchange_term>
			<ijR>2 2 0 -1 1</ijR>
			<data>-7.40486e-04 	 -7.40486e-04 	 -7.40486e-04</data>
		</spin_exchange_term>
		<spin_exchange_term>
			<ijR>2 2 0 0 -1</ijR>
			<data>-2.10744e-05 	 -2.10744e-05 	 -2.10744e-05</data>
		</spin_exchange_term>
		<spin_exchange_term>
			<ijR>2 2 0 0 1</ijR>
			<data>-2.10744e-05 	 -2.10744e-05 	 -2.10744e-05</data>
		</spin_exchange_term>
		<spin_exchange_term>
			<ijR>2 2 0 1 -1</ijR>
			<data>-7.40486e-04 	 -7.40486e-04 	 -7.40486e-04</data>
		</spin_exchange_term>
		<spin_exchange_term>
			<ijR>2 2 0 1 0</ijR>
			<data>-2.21372e-05 	 -2.21372e-05 	 -2.21372e-05</data>
		</spin_exchange_term>
		<spin_exchange_term>
			<ijR>2 2 1 -1 0</ijR>
			<data>-7.42496e-04 	 -7.42496e-04 	 -7.42496e-04</data>
		</spin_exchange_term>
		<spin_exchange_term>
			<ijR>2 2 1 0 -1</ijR>
			<data>-7.41444e-04 	 -7.41444e-04 	 -7.41444e-04</data>
		</spin_exchange_term>
		<spin_exchange_term>
			<ijR>2 2 1 0 0</ijR>
			<data>-2.13125e-05 	 -2.13125e-05 	 -2.13125e-05</data>
		</spin_exchange_term>
	</spin_exchange_list>
	<spin_DMI_list units="eV">
		<nterms>52</nterms>
		<spin_DMI_term>
			<ijR>1 1 -1 0 0</ijR>
			<data>-3.51357e-05 	 -3.17977e-06 	 -2.50798e-05</data>
		</spin_DMI_term>
		<spin_DMI_term>
			<ijR>1 1 -1 0 1</ijR>
			<data>-4.28671e-05 	 9.37878e-06 	 -4.67413e-05</data>
		</spin_DMI_term>
		<spin_DMI_term>
			<ijR>1 1 -1 1 0</ijR>
			<data>8.97592e-06 	 5.22509e-05 	 -3.23128e-06</data>
		</spin_DMI_term>
		<spin_DMI_term>
			<ijR>1 1 0 -1 0</ijR>
			<data>3.38285e-06 	 -3.61632e-05 	 1.81146e-05</data>
		</spin_DMI_term>
		<spin_DMI_term>
			<ijR>1 1 0 -1 1</ijR>
			<data>-5.35964e-05 	 -4.09128e-05 	 1.98929e-06</data>
		</spin_DMI_term>
		<spin_DMI_term>
			<ijR>1 1 0 0 -1</ijR>
			<data>3.65409e-05 	 3.22700e-05 	 4.04363e-07</data>
		</spin_DMI_term>
		<spin_DMI_term>
			<ijR>1 1 0 0 1</ijR>
			<data>-3.65409e-05 	 -3.22700e-05 	 -4.04363e-07</data>
		</spin_DMI_term>
		<spin_DMI_term>
			<ijR>1 1 0 1 -1</ijR>
			<data>5.35964e-05 	 4.09128e-05 	 -1.98929e-06</data>
		</spin_DMI_term>
		<spin_DMI_term>
			<ijR>1 1 0 1 0</ijR>
			<data>-3.38285e-06 	 3.61632e-05 	 -1.81146e-05</data>
		</spin_DMI_term>
		<spin_DMI_term>
			<ijR>1 1 1 -1 0</ijR>
			<data>-8.97592e-06 	 -5.22509e-05 	 3.23128e-06</data>
		</spin_DMI_term>
		<spin_DMI_term>
			<ijR>1 1 1 0 -1</ijR>
			<data>4.28671e-05 	 -9.37878e-06 	 4.67413e-05</data>
		</spin_DMI_term>
		<spin_DMI_term>
			<ijR>1 1 1 0 0</ijR>
			<data>3.51357e-05 	 3.17977e-06 	 2.50798e-05</data>
		</spin_DMI_term>
		<spin_DMI_term>
			<ijR>1 2 -1 0 0</ijR>
			<data>-1.56048e-04 	 -1.02409e-04 	 -3.57285e-05</data>
		</spin_DMI_term>
		<spin_DMI_term>
			<ijR>1 2 0 -1 0</ijR>
			<data>8.83426e-05 	 3.41135e-04 	 2.24553e-04</data>
		</spin_DMI_term>
		<spin_DMI_term>
			<ijR>1 2 0 0 -1</ijR>
			<data>-3.06808e-04 	 1.56878e-04 	 3.58605e-05</data>
		</spin_DMI_term>
		<spin_DMI_term>
			<ijR>1 2 0 0 0</ijR>
			<data>1.16468e-06 	 -1.13057e-06 	 3.57194e-06</data>
		</spin_DMI_term>
		<spin_DMI_term>
			<ijR>1 2 -2 0 0</ijR>
			<data>6.59151e-05 	 3.58499e-05 	 -3.31248e-05</data>
		</spin_DMI_term>
		<spin_DMI_term>
			<ijR>1 2 -1 -1 -1</ijR>
			<data>1.13059e-06 	 -1.16470e-06 	 3.57194e-06</data>
		</spin_DMI_term>
		<spin_DMI_term>
			<ijR>1 2 -1 -1 0</ijR>
			<data>1.02409e-04 	 1.56049e-04 	 -3.57288e-05</data>
		</spin_DMI_term>
		<spin_DMI_term>
			<ijR>1 2 -1 -1 1</ijR>
			<data>-3.58498e-05 	 -6.59150e-05 	 -3.31247e-05</data>
		</spin_DMI_term>
		<spin_DMI_term>
			<ijR>1 2 -1 0 -1</ijR>
			<data>-3.41135e-04 	 -8.83422e-05 	 2.24553e-04</data>
		</spin_DMI_term>
		<spin_DMI_term>
			<ijR>1 2 -1 1 -1</ijR>
			<data>4.50240e-05 	 3.49647e-05 	 -6.10484e-05</data>
		</spin_DMI_term>
		<spin_DMI_term>
			<ijR>1 2 0 -2 0</ijR>
			<data>-3.49648e-05 	 -4.50241e-05 	 -6.10485e-05</data>
		</spin_DMI_term>
		<spin_DMI_term>
			<ijR>1 2 0 -1 -1</ijR>
			<data>-1.56878e-04 	 3.06808e-04 	 3.58605e-05</data>
		</spin_DMI_term>
		<spin_DMI_term>
			<ijR>1 2 0 0 -2</ijR>
			<data>4.59796e-05 	 -6.55237e-05 	 1.77892e-05</data>
		</spin_DMI_term>
		<spin_DMI_term>
			<ijR>1 2 1 -1 -1</ijR>
			<data>6.55235e-05 	 -4.59795e-05 	 1.77892e-05</data>
		</spin_DMI_term>
		<spin_DMI_term>
			<ijR>2 1 0 0 0</ijR>
			<data>-1.16468e-06 	 1.13057e-06 	 -3.57194e-06</data>
		</spin_DMI_term>
		<spin_DMI_term>
			<ijR>2 1 0 0 1</ijR>
			<data>3.06808e-04 	 -1.56878e-04 	 -3.58605e-05</data>
		</spin_DMI_term>
		<spin_DMI_term>
			<ijR>2 1 0 1 0</ijR>
			<data>-8.83426e-05 	 -3.41135e-04 	 -2.24553e-04</data>
		</spin_DMI_term>
		<spin_DMI_term>
			<ijR>2 1 1 0 0</ijR>
			<data>1.56048e-04 	 1.02409e-04 	 3.57285e-05</data>
		</spin_DMI_term>
		<spin_DMI_term>
			<ijR>2 1 -1 1 1</ijR>
			<data>-6.55235e-05 	 4.59795e-05 	 -1.77892e-05</data>
		</spin_DMI_term>
		<spin_DMI_term>
			<ijR>2 1 0 0 2</ijR>
			<data>-4.59796e-05 	 6.55237e-05 	 -1.77892e-05</data>
		</spin_DMI_term>
		<spin_DMI_term>
			<ijR>2 1 0 1 1</ijR>
			<data>1.56878e-04 	 -3.06808e-04 	 -3.58605e-05</data>
		</spin_DMI_term>
		<spin_DMI_term>
			<ijR>2 1 0 2 0</ijR>
			<data>3.49648e-05 	 4.50241e-05 	 6.10485e-05</data>
		</spin_DMI_term>
		<spin_DMI_term>
			<ijR>2 1 1 -1 1</ijR>
			<data>-4.50240e-05 	 -3.49647e-05 	 6.10484e-05</data>
		</spin_DMI_term>
		<spin_DMI_term>
			<ijR>2 1 1 0 1</ijR>
			<data>3.41135e-04 	 8.83422e-05 	 -2.24553e-04</data>
		</spin_DMI_term>
		<spin_DMI_term>
			<ijR>2 1 1 1 -1</ijR>
			<data>3.58498e-05 	 6.59150e-05 	 3.31247e-05</data>
		</spin_DMI_term>
		<spin_DMI_term>
			<ijR>2 1 1 1 0</ijR>
			<data>-1.02409e-04 	 -1.56049e-04 	 3.57288e-05</data>
		</spin_DMI_term>
		<spin_DMI_term>
			<ijR>2 1 1 1 1</ijR>
			<data>-1.13059e-06 	 1.16470e-06 	 -3.57194e-06</data>
		</spin_DMI_term>
		<spin_DMI_term>
			<ijR>2 1 2 0 0</ijR>
			<data>-6.59151e-05 	 -3.58499e-05 	 3.31248e-05</data>
		</spin_DMI_term>
		<spin_DMI_term>
			<ijR>2 2 -1 0 0</ijR>
			<data>3.22700e-05 	 3.65410e-05 	 -4.04359e-07</data>
		</spin_DMI_term>
		<spin_DMI_term>
			<ijR>2 2 -1 0 1</ijR>
			<data>-9.37870e-06 	 4.28671e-05 	 -4.67414e-05</data>
		</spin_DMI_term>
		<spin_DMI_term>
			<ijR>2 2 -1 1 0</ijR>
			<data>4.09128e-05 	 5.35968e-05 	 1.98934e-06</data>
		</spin_DMI_term>
		<spin_DMI_term>
			<ijR>2 2 0 -1 0</ijR>
			<data>-3.61633e-05 	 3.38284e-06 	 -1.81147e-05</data>
		</spin_DMI_term>
		<spin_DMI_term>
			<ijR>2 2 0 -1 1</ijR>
			<data>-5.22513e-05 	 -8.97583e-06 	 -3.23123e-06</data>
		</spin_DMI_term>
		<spin_DMI_term>
			<ijR>2 2 0 0 -1</ijR>
			<data>-3.17975e-06 	 -3.51357e-05 	 2.50798e-05</data>
		</spin_DMI_term>
		<spin_DMI_term>
			<ijR>2 2 0 0 1</ijR>
			<data>3.17975e-06 	 3.51357e-05 	 -2.50798e-05</data>
		</spin_DMI_term>
		<spin_DMI_term>
			<ijR>2 2 0 1 -1</ijR>
			<data>5.22513e-05 	 8.97583e-06 	 3.23123e-06</data>
		</spin_DMI_term>
		<spin_DMI_term>
			<ijR>2 2 0 1 0</ijR>
			<data>3.61633e-05 	 -3.38284e-06 	 1.81147e-05</data>
		</spin_DMI_term>
		<spin_DMI_term>
			<ijR>2 2 1 -1 0</ijR>
			<data>-4.09128e-05 	 -5.35968e-05 	 -1.98934e-06</data>
		</spin_DMI_term>
		<spin_DMI_term>
			<ijR>2 2 1 0 -1</ijR>
			<data>9.37870e-06 	 -4.28671e-05 	 4.67414e-05</data>
		</spin_DMI_term>
		<spin_DMI_term>
			<ijR>2 2 1 0 0</ijR>
			<data>-3.22700e-05 	 -3.65410e-05 	 4.04359e-07</data>
		</spin_DMI_term>
	</spin_DMI_list>
	<spin_bilinear_list units="eV">
		<nterms>52</nterms>
		<spin_bilinear_term>
			<ijR>1 1 -1 0 0</ijR>
			<data>-1.17850e-05	-7.73903e-07	9.02832e-06	-7.73903e-07	-6.63719e-06	2.48846e-05	9.02832e-06	2.48846e-05	-1.49848e-03</data>
		</spin_bilinear_term>
		<spin_bilinear_term>
			<ijR>1 1 -1 0 1</ijR>
			<data>-1.44805e-05	8.07319e-06	8.25539e-06	8.07319e-06	-1.55141e-05	1.00328e-05	8.25539e-06	1.00328e-05	-1.26464e-03</data>
		</spin_bilinear_term>
		<spin_bilinear_term>
			<ijR>1 1 -1 1 0</ijR>
			<data>-1.63722e-05	-6.12766e-06	1.54383e-05	-6.12766e-06	-1.95002e-05	1.96456e-05	1.54383e-05	1.96456e-05	-1.25516e-03</data>
		</spin_bilinear_term>
		<spin_bilinear_term>
			<ijR>1 1 0 -1 0</ijR>
			<data>-5.07271e-06	6.09306e-07	-8.08995e-07	6.09306e-07	-8.00078e-06	8.24756e-06	-8.08995e-07	8.24756e-06	-1.50188e-03</data>
		</spin_bilinear_term>
		<spin_bilinear_term>
			<ijR>1 1 0 -1 1</ijR>
			<data>-1.70570e-05	-3.88150e-06	3.21277e-06	-3.88150e-06	-1.30818e-05	2.97434e-06	3.21277e-06	2.97434e-06	-1.25925e-03</data>
		</spin_bilinear_term>
		<spin_bilinear_term>
			<ijR>1 1 0 0 -1</ijR>
			<data>-9.88161e-06	-2.38103e-07	2.45997e-05	-2.38103e-07	-1.20687e-05	2.26086e-06	2.45997e-05	2.26086e-06	-1.49591e-03</data>
		</spin_bilinear_term>
		<spin_bilinear_term>
			<ijR>1 1 0 0 1</ijR>
			<data>-9.88161e-06	-2.38103e-07	2.45997e-05	-2.38103e-07	-1.20687e-05	2.26086e-06	2.45997e-05	2.26086e-06	-1.49591e-03</data>
		</spin_bilinear_term>
		<spin_bilinear_term>
			<ijR>1 1 0 1 -1</ijR>
			<data>-1.70570e-05	-3.88150e-06	3.21277e-06	-3.88150e-06	-1.30818e-05	2.97434e-06	3.21277e-06	2.97434e-06	-1.25925e-03</data>
		</spin_bilinear_term>
		<spin_bilinear_term>
			<ijR>1 1 0 1 0</ijR>
			<data>-5.07271e-06	6.09306e-07	-8.08995e-07	6.09306e-07	-8.00078e-06	8.24756e-06	-8.08995e-07	8.24756e-06	-1.50188e-03</data>
		</spin_bilinear_term>
		<spin_bilinear_term>
			<ijR>1 1 1 -1 0</ijR>
			<data>-1.63722e-05	-6.12766e-06	1.54383e-05	-6.12766e-06	-1.95002e-05	1.96456e-05	1.54383e-05	1.96456e-05	-1.25516e-03</data>
		</spin_bilinear_term>
		<spin_bilinear_term>
			<ijR>1 1 1 0 -1</ijR>
			<data>-1.44805e-05	8.07319e-06	8.25539e-06	8.07319e-06	-1.55141e-05	1.00328e-05	8.25539e-06	1.00328e-05	-1.26464e-03</data>
		</spin_bilinear_term>
		<spin_bilinear_term>
			<ijR>1 1 1 0 0</ijR>
			<data>-1.17850e-05	-7.73903e-07	9.02832e-06	-7.73903e-07	-6.63719e-06	2.48846e-05	9.02832e-06	2.48846e-05	-1.49848e-03</data>
		</spin_bilinear_term>
		<spin_bilinear_term>
			<ijR>1 2 -1 0 0</ijR>
			<data>-2.55130e-05	-2.27149e-06	-1.02997e-05	-2.27149e-06	-2.71718e-05	5.03982e-05	-1.02997e-05	5.03982e-05	-7.60621e-03</data>
		</spin_bilinear_term>
		<spin_bilinear_term>
			<ijR>1 2 0 -1 0</ijR>
			<data>-6.60303e-05	-7.67473e-06	-2.59974e-05	-7.67473e-06	-4.34253e-05	7.66457e-07	-2.59974e-05	7.66457e-07	-7.59382e-03</data>
		</spin_bilinear_term>
		<spin_bilinear_term>
			<ijR>1 2 0 0 -1</ijR>
			<data>-2.12149e-05	-4.94144e-06	3.27147e-05	-4.94144e-06	-4.23971e-05	-2.18959e-05	3.27147e-05	-2.18959e-05	-7.62509e-03</data>
		</spin_bilinear_term>
		<spin_bilinear_term>
			<ijR>1 2 0 0 0</ijR>
			<data>-1.22210e-06	-1.42093e-07	-4.84604e-07	-1.42093e-07	-1.20527e-06	-2.92425e-07	-4.84604e-07	-2.92425e-07	-1.27593e-04</data>
		</spin_bilinear_term>
		<spin_bilinear_term>
			<ijR>1 2 -2 0 0</ijR>
			<data>-5.43383e-06	-1.54740e-06	1.12045e-06	-1.54740e-06	-3.67912e-06	6.72059e-06	1.12045e-06	6.72059e-06	-1.13116e-04</data>
		</spin_bilinear_term>
		<spin_bilinear_term>
			<ijR>1 2 -1 -1 -1</ijR>
			<data>-1.20527e-06	-1.42093e-07	2.92416e-07	-1.42093e-07	-1.22211e-06	4.84595e-07	2.92416e-07	4.84595e-07	-1.27593e-04</data>
		</spin_bilinear_term>
		<spin_bilinear_term>
			<ijR>1 2 -1 -1 0</ijR>
			<data>-2.71719e-05	-2.27149e-06	-5.03981e-05	-2.27149e-06	-2.55130e-05	1.02991e-05	-5.03981e-05	1.02991e-05	-7.60622e-03</data>
		</spin_bilinear_term>
		<spin_bilinear_term>
			<ijR>1 2 -1 -1 1</ijR>
			<data>-3.67910e-06	-1.54740e-06	-6.72064e-06	-1.54740e-06	-5.43382e-06	-1.12042e-06	-6.72064e-06	-1.12042e-06	-1.13116e-04</data>
		</spin_bilinear_term>
		<spin_bilinear_term>
			<ijR>1 2 -1 0 -1</ijR>
			<data>-4.34254e-05	-7.67474e-06	-7.67041e-07	-7.67474e-06	-6.60304e-05	2.59968e-05	-7.67041e-07	2.59968e-05	-7.59383e-03</data>
		</spin_bilinear_term>
		<spin_bilinear_term>
			<ijR>1 2 -1 1 -1</ijR>
			<data>-3.87836e-06	-1.07737e-06	5.12620e-06	-1.07737e-06	-4.37625e-06	3.47782e-06	5.12620e-06	3.47782e-06	-1.15601e-04</data>
		</spin_bilinear_term>
		<spin_bilinear_term>
			<ijR>1 2 0 -2 0</ijR>
			<data>-4.37626e-06	-1.07737e-06	-3.47787e-06	-1.07737e-06	-3.87836e-06	-5.12618e-06	-3.47787e-06	-5.12618e-06	-1.15601e-04</data>
		</spin_bilinear_term>
		<spin_bilinear_term>
			<ijR>1 2 0 -1 -1</ijR>
			<data>-4.23971e-05	-4.94146e-06	2.18952e-05	-4.94146e-06	-2.12149e-05	-3.27146e-05	2.18952e-05	-3.27146e-05	-7.62509e-03</data>
		</spin_bilinear_term>
		<spin_bilinear_term>
			<ijR>1 2 0 0 -2</ijR>
			<data>-3.18714e-06	3.48478e-06	3.91946e-06	3.48478e-06	-5.52461e-06	1.03447e-06	3.91946e-06	1.03447e-06	-1.14148e-04</data>
		</spin_bilinear_term>
		<spin_bilinear_term>
			<ijR>1 2 1 -1 -1</ijR>
			<data>-5.52460e-06	3.48478e-06	-1.03451e-06	3.48478e-06	-3.18713e-06	-3.91952e-06	-1.03451e-06	-3.91952e-06	-1.14149e-04</data>
		</spin_bilinear_term>
		<spin_bilinear_term>
			<ijR>2 1 0 0 0</ijR>
			<data>-1.22210e-06	-1.42093e-07	-4.84604e-07	-1.42093e-07	-1.20527e-06	-2.92425e-07	-4.84604e-07	-2.92425e-07	-1.27593e-04</data>
		</spin_bilinear_term>
		<spin_bilinear_term>
			<ijR>2 1 0 0 1</ijR>
			<data>-2.12149e-05	-4.94144e-06	3.27147e-05	-4.94144e-06	-4.23971e-05	-2.18959e-05	3.27147e-05	-2.18959e-05	-7.62509e-03</data>
		</spin_bilinear_term>
		<spin_bilinear_term>
			<ijR>2 1 0 1 0</ijR>
			<data>-6.60303e-05	-7.67473e-06	-2.59974e-05	-7.67473e-06	-4.34253e-05	7.66457e-07	-2.59974e-05	7.66457e-07	-7.59382e-03</data>
		</spin_bilinear_term>
		<spin_bilinear_term>
			<ijR>2 1 1 0 0</ijR>
			<data>-2.55130e-05	-2.27149e-06	-1.02997e-05	-2.27149e-06	-2.71718e-05	5.03982e-05	-1.02997e-05	5.03982e-05	-7.60621e-03</data>
		</spin_bilinear_term>
		<spin_bilinear_term>
			<ijR>2 1 -1 1 1</ijR>
			<data>-5.52460e-06	3.48478e-06	-1.03451e-06	3.48478e-06	-3.18713e-06	-3.91952e-06	-1.03451e-06	-3.91952e-06	-1.14149e-04</data>
		</spin_bilinear_term>
		<spin_bilinear_term>
			<ijR>2 1 0 0 2</ijR>
			<data>-3.18714e-06	3.48478e-06	3.91946e-06	3.48478e-06	-5.52461e-06	1.03447e-06	3.91946e-06	1.03447e-06	-1.14148e-04</data>
		</spin_bilinear_term>
		<spin_bilinear_term>
			<ijR>2 1 0 1 1</ijR>
			<data>-4.23971e-05	-4.94146e-06	2.18952e-05	-4.94146e-06	-2.12149e-05	-3.27146e-05	2.18952e-05	-3.27146e-05	-7.62509e-03</data>
		</spin_bilinear_term>
		<spin_bilinear_term>
			<ijR>2 1 0 2 0</ijR>
			<data>-4.37626e-06	-1.07737e-06	-3.47787e-06	-1.07737e-06	-3.87836e-06	-5.12618e-06	-3.47787e-06	-5.12618e-06	-1.15601e-04</data>
		</spin_bilinear_term>
		<spin_bilinear_term>
			<ijR>2 1 1 -1 1</ijR>
			<data>-3.87836e-06	-1.07737e-06	5.12620e-06	-1.07737e-06	-4.37625e-06	3.47782e-06	5.12620e-06	3.47782e-06	-1.15601e-04</data>
		</spin_bilinear_term>
		<spin_bilinear_term>
			<ijR>2 1 1 0 1</ijR>
			<data>-4.34254e-05	-7.67474e-06	-7.67041e-07	-7.67474e-06	-6.60304e-05	2.59968e-05	-7.67041e-07	2.59968e-05	-7.59383e-03</data>
		</spin_bilinear_term>
		<spin_bilinear_term>
			<ijR>2 1 1 1 -1</ijR>
			<data>-3.67910e-06	-1.54740e-06	-6.72064e-06	-1.54740e-06	-5.43382e-06	-1.12042e-06	-6.72064e-06	-1.12042e-06	-1.13116e-04</data>
		</spin_bilinear_term>
		<spin_bilinear_term>
			<ijR>2 1 1 1 0</ijR>
			<data>-2.71719e-05	-2.27149e-06	-5.03981e-05	-2.27149e-06	-2.55130e-05	1.02991e-05	-5.03981e-05	1.02991e-05	-7.60622e-03</data>
		</spin_bilinear_term>
		<spin_bilinear_term>
			<ijR>2 1 1 1 1</ijR>
			<data>-1.20527e-06	-1.42093e-07	2.92416e-07	-1.42093e-07	-1.22211e-06	4.84595e-07	2.92416e-07	4.84595e-07	-1.27593e-04</data>
		</spin_bilinear_term>
		<spin_bilinear_term>
			<ijR>2 1 2 0 0</ijR>
			<data>-5.43383e-06	-1.54740e-06	1.12045e-06	-1.54740e-06	-3.67912e-06	6.72059e-06	1.12045e-06	6.72059e-06	-1.13116e-04</data>
		</spin_bilinear_term>
		<spin_bilinear_term>
			<ijR>2 2 -1 0 0</ijR>
			<data>-1.20687e-05	-2.38100e-07	-2.26084e-06	-2.38100e-07	-9.88161e-06	-2.45997e-05	-2.26084e-06	-2.45997e-05	-1.49591e-03</data>
		</spin_bilinear_term>
		<spin_bilinear_term>
			<ijR>2 2 -1 0 1</ijR>
			<data>-1.55142e-05	8.07321e-06	-1.00328e-05	8.07321e-06	-1.44806e-05	-8.25539e-06	-1.00328e-05	-8.25539e-06	-1.26464e-03</data>
		</spin_bilinear_term>
		<spin_bilinear_term>
			<ijR>2 2 -1 1 0</ijR>
			<data>-1.30818e-05	-3.88151e-06	-2.97438e-06	-3.88151e-06	-1.70570e-05	-3.21274e-06	-2.97438e-06	-3.21274e-06	-1.25926e-03</data>
		</spin_bilinear_term>
		<spin_bilinear_term>
			<ijR>2 2 0 -1 0</ijR>
			<data>-8.00078e-06	6.09305e-07	-8.24754e-06	6.09305e-07	-5.07271e-06	8.09027e-07	-8.24754e-06	8.09027e-07	-1.50188e-03</data>
		</spin_bilinear_term>
		<spin_bilinear_term>
			<ijR>2 2 0 -1 1</ijR>
			<data>-1.95002e-05	-6.12767e-06	-1.96456e-05	-6.12767e-06	-1.63723e-05	-1.54384e-05	-1.96456e-05	-1.54384e-05	-1.25516e-03</data>
		</spin_bilinear_term>
		<spin_bilinear_term>
			<ijR>2 2 0 0 -1</ijR>
			<data>-6.63719e-06	-7.73906e-07	-2.48847e-05	-7.73906e-07	-1.17850e-05	-9.02831e-06	-2.48847e-05	-9.02831e-06	-1.49848e-03</data>
		</spin_bilinear_term>
		<spin_bilinear_term>
			<ijR>2 2 0 0 1</ijR>
			<data>-6.63719e-06	-7.73906e-07	-2.48847e-05	-7.73906e-07	-1.17850e-05	-9.02831e-06	-2.48847e-05	-9.02831e-06	-1.49848e-03</data>
		</spin_bilinear_term>
		<spin_bilinear_term>
			<ijR>2 2 0 1 -1</ijR>
			<data>-1.95002e-05	-6.12767e-06	-1.96456e-05	-6.12767e-06	-1.63723e-05	-1.54384e-05	-1.96456e-05	-1.54384e-05	-1.25516e-03</data>
		</spin_bilinear_term>
		<spin_bilinear_term>
			<ijR>2 2 0 1 0</ijR>
			<data>-8.00078e-06	6.09305e-07	-8.24754e-06	6.09305e-07	-5.07271e-06	8.09027e-07	-8.24754e-06	8.09027e-07	-1.50188e-03</data>
		</spin_bilinear_term>
		<spin_bilinear_term>
			<ijR>2 2 1 -1 0</ijR>
			<data>-1.30818e-05	-3.88151e-06	-2.97438e-06	-3.88151e-06	-1.70570e-05	-3.21274e-06	-2.97438e-06	-3.21274e-06	-1.25926e-03</data>
		</spin_bilinear_term>
		<spin_bilinear_term>
			<ijR>2 2 1 0 -1</ijR>
			<data>-1.55142e-05	8.07321e-06	-1.00328e-05	8.07321e-06	-1.44806e-05	-8.25539e-06	-1.00328e-05	-8.25539e-06	-1.26464e-03</data>
		</spin_bilinear_term>
		<spin_bilinear_term>
			<ijR>2 2 1 0 0</ijR>
			<data>-1.20687e-05	-2.38100e-07	-2.26084e-06	-2.38100e-07	-9.88161e-06	-2.45997e-05	-2.26084e-06	-2.45997e-05	-1.49591e-03</data>
		</spin_bilinear_term>
	</spin_bilinear_list>
	<description>Exchange parameters generated by TB2J 0.3.1
Generation time: 20/09/14 09:57:33
 Input from non-collinear Siesta data.
 working directory: /home/ICN2/xhe/projects/TB2J_examples/Siesta/BiFeO3/BiFeO3_y
 fdf_fname: siesta.fdf.
Warning: The DMI component parallel to the spin orientation, the Jani which has the component of that orientation should be disregarded
 e.g. if the spins are along z, the xz, yz, zz, zx, zy components and the z component of DMI.
 If you need these component, try to do three calculations with spin along x, y, z,  or use structure with z rotated to x, y and z. And then use TB2J_merge.py to get the full set of parameters.

</description>
</System_definition>
