==========================================================================================
Information: 
Exchange parameters generated by TB2J 0.7.3.rc1
Generation time: 22/07/22 15:07:38
 Input from collinear Wannier90 data.
 Tight binding data from ./. 
 Prefix of wannier function files:FeO_up and FeO_down.
Warning: Please check if the noise level of Wannier function Hamiltonian to make sure it is much smaller than the exchange values.

==========================================================================================
Cell (Angstrom):
 2.167   2.167   4.334
 2.167   4.334   2.167
 4.334   2.167   2.167

==========================================================================================
Atoms:  
(Note: charge and magmoms only count the wannier functions.)
Atom number      x         y         z     w_charge  w_magmom 
O1              2.1670    2.1670    2.1670    5.4816    0.0024
O2              6.5009    6.5009    6.5009    5.4803    0.0003
Fe1             0.0000    0.0000    0.0000    6.5093    3.6402
Fe2             4.3340    4.3340    4.3340    6.5103   -3.6430
Total                                        23.9815   -0.0000

==========================================================================================
Orbitals used in decomposition: 
The name of the orbitals for the decomposition: 
Fe1 : ['orb_1', 'orb_2', 'orb_3', 'orb_4', 'orb_5', 'orb_6']
Fe2 : ['orb_1', 'orb_2', 'orb_3', 'orb_4', 'orb_5', 'orb_6']

==========================================================================================
Exchange: 
    i      j          R        J_iso(meV)          vector          distance(A) 
----------------------------------------------------------------------------------------
   Fe1   Fe2   ( -1,   0,   0) -0.2306   ( 2.167,  2.167,  0.000)  3.065 
J_iso: -0.2306 
Orbital contributions:
 isotropic J:
 [[-0.042 -0.068 -0.069  0.    -0.228 -0.   ]
 [-0.066  0.047 -0.257  0.006  0.057 -0.   ]
 [-0.068 -0.259  0.046  0.005  0.051  0.   ]
 [ 0.     0.006  0.005 -0.042 -0.    -0.   ]
 [-0.23   0.051  0.055 -0.     0.782 -0.004]
 [-0.004 -0.    -0.    -0.    -0.008  0.004]] 
----------------------------------------------------------------------------------------
   Fe1   Fe1   ( -1,   0,   1)  0.3147   ( 2.167,  0.000, -2.167)  3.065 
J_iso:  0.3147 
Orbital contributions:
 isotropic J:
 [[-0.078 -0.118 -0.002 -0.013  0.014  0.012]
 [-0.094  0.875  0.044 -0.284  0.044  0.062]
 [-0.006 -0.368  0.259 -0.017  0.182  0.002]
 [-0.013 -0.354  0.02  -0.023  0.004  0.032]
 [-0.003 -0.365  0.182 -0.021  0.259  0.003]
 [ 0.007  0.041  0.004  0.024  0.004 -0.003]] 
----------------------------------------------------------------------------------------
   Fe1   Fe1   ( -1,   1,   0)  0.3117   ( 0.000,  2.167, -2.167)  3.065 
J_iso:  0.3117 
Orbital contributions:
 isotropic J:
 [[-0.077 -0.002 -0.118 -0.013  0.015  0.01 ]
 [-0.006  0.26  -0.369 -0.019  0.181  0.002]
 [-0.095  0.045  0.875 -0.287  0.044  0.063]
 [-0.013  0.022 -0.352 -0.023  0.004  0.03 ]
 [-0.002  0.183 -0.366 -0.021  0.258  0.003]
 [ 0.008  0.005  0.04   0.024  0.004 -0.003]] 
----------------------------------------------------------------------------------------
   Fe1   Fe2   (  0,  -1,   0) -0.2301   ( 2.167,  0.000,  2.167)  3.065 
J_iso: -0.2301 
Orbital contributions:
 isotropic J:
 [[-0.04  -0.056 -0.029 -0.002  0.002 -0.001]
 [-0.057  0.778  0.055 -0.168  0.053 -0.004]
 [-0.029  0.053  0.047 -0.034 -0.257 -0.001]
 [-0.002 -0.172 -0.032 -0.041 -0.065 -0.001]
 [ 0.003  0.053 -0.258 -0.066  0.046 -0.   ]
 [ 0.    -0.007 -0.    -0.001  0.     0.004]] 
----------------------------------------------------------------------------------------
   Fe1   Fe1   (  0,  -1,   1)  0.3164   ( 2.167, -2.167,  0.000)  3.065 
J_iso:  0.3164 
Orbital contributions:
 isotropic J:
 [[-0.009  0.015  0.013  0.    -0.47   0.042]
 [-0.028  0.258  0.181  0.003 -0.367  0.004]
 [-0.026  0.184  0.26   0.003 -0.367  0.001]
 [ 0.     0.004  0.004 -0.114  0.     0.   ]
 [-0.382  0.045  0.044  0.     0.873  0.065]
 [ 0.035  0.004  0.004  0.     0.041 -0.003]] 
----------------------------------------------------------------------------------------
   Fe1   Fe2   (  0,   0,  -1) -0.2244   ( 0.000,  2.167,  2.167)  3.065 
J_iso: -0.2244 
Orbital contributions:
 isotropic J:
 [[-0.04  -0.029 -0.056 -0.002  0.004  0.001]
 [-0.028  0.047  0.055 -0.034 -0.257  0.   ]
 [-0.057  0.055  0.78  -0.174  0.054 -0.004]
 [-0.002 -0.035 -0.169 -0.04  -0.066 -0.   ]
 [ 0.002 -0.259  0.052 -0.064  0.047 -0.001]
 [-0.002 -0.    -0.006 -0.001 -0.001  0.004]] 
----------------------------------------------------------------------------------------
   Fe2   Fe1   (  0,   0,   1) -0.2244   ( 0.000, -2.167, -2.167)  3.065 
J_iso: -0.2244 
Orbital contributions:
 isotropic J:
 [[-0.04  -0.028 -0.057 -0.002  0.002 -0.002]
 [-0.029  0.047  0.055 -0.035 -0.259 -0.   ]
 [-0.056  0.055  0.78  -0.169  0.052 -0.006]
 [-0.002 -0.034 -0.174 -0.04  -0.064 -0.001]
 [ 0.004 -0.257  0.054 -0.066  0.047 -0.001]
 [ 0.001  0.    -0.004 -0.    -0.001  0.004]] 
----------------------------------------------------------------------------------------
   Fe1   Fe1   (  0,   1,  -1)  0.3164   (-2.167,  2.167,  0.000)  3.065 
J_iso:  0.3164 
Orbital contributions:
 isotropic J:
 [[-0.009 -0.028 -0.026  0.    -0.382  0.035]
 [ 0.015  0.258  0.184  0.004  0.045  0.004]
 [ 0.013  0.181  0.26   0.004  0.044  0.004]
 [ 0.     0.003  0.003 -0.114  0.     0.   ]
 [-0.47  -0.367 -0.367  0.     0.873  0.041]
 [ 0.042  0.004  0.001  0.     0.065 -0.003]] 
----------------------------------------------------------------------------------------
   Fe2   Fe1   (  0,   1,   0) -0.2301   (-2.167,  0.000, -2.167)  3.065 
J_iso: -0.2301 
Orbital contributions:
 isotropic J:
 [[-0.04  -0.057 -0.029 -0.002  0.003  0.   ]
 [-0.056  0.778  0.053 -0.172  0.053 -0.007]
 [-0.029  0.055  0.047 -0.032 -0.258 -0.   ]
 [-0.002 -0.168 -0.034 -0.041 -0.066 -0.001]
 [ 0.002  0.053 -0.257 -0.065  0.046  0.   ]
 [-0.001 -0.004 -0.001 -0.001 -0.     0.004]] 
----------------------------------------------------------------------------------------
   Fe1   Fe1   (  1,  -1,   0)  0.3117   ( 0.000, -2.167,  2.167)  3.065 
J_iso:  0.3117 
Orbital contributions:
 isotropic J:
 [[-0.077 -0.006 -0.095 -0.013 -0.002  0.008]
 [-0.002  0.26   0.045  0.022  0.183  0.005]
 [-0.118 -0.369  0.875 -0.352 -0.366  0.04 ]
 [-0.013 -0.019 -0.287 -0.023 -0.021  0.024]
 [ 0.015  0.181  0.044  0.004  0.258  0.004]
 [ 0.01   0.002  0.063  0.03   0.003 -0.003]] 
----------------------------------------------------------------------------------------
   Fe1   Fe1   (  1,   0,  -1)  0.3147   (-2.167,  0.000,  2.167)  3.065 
J_iso:  0.3147 
Orbital contributions:
 isotropic J:
 [[-0.078 -0.094 -0.006 -0.013 -0.003  0.007]
 [-0.118  0.875 -0.368 -0.354 -0.365  0.041]
 [-0.002  0.044  0.259  0.02   0.182  0.004]
 [-0.013 -0.284 -0.017 -0.023 -0.021  0.024]
 [ 0.014  0.044  0.182  0.004  0.259  0.004]
 [ 0.012  0.062  0.002  0.032  0.003 -0.003]] 
----------------------------------------------------------------------------------------
   Fe2   Fe1   (  1,   0,   0) -0.2306   (-2.167, -2.167,  0.000)  3.065 
J_iso: -0.2306 
Orbital contributions:
 isotropic J:
 [[-0.042 -0.066 -0.068  0.    -0.23  -0.004]
 [-0.068  0.047 -0.259  0.006  0.051 -0.   ]
 [-0.069 -0.257  0.046  0.005  0.055 -0.   ]
 [ 0.     0.006  0.005 -0.042 -0.    -0.   ]
 [-0.228  0.057  0.051 -0.     0.782 -0.008]
 [-0.    -0.     0.    -0.    -0.004  0.004]] 
----------------------------------------------------------------------------------------
   Fe1   Fe2   ( -1,  -1,   0) -0.2285   ( 0.000, -2.167, -2.167)  3.065 
J_iso: -0.2285 
Orbital contributions:
 isotropic J:
 [[-0.039 -0.028 -0.057 -0.002  0.004  0.   ]
 [-0.029  0.046  0.055 -0.034 -0.256 -0.   ]
 [-0.057  0.054  0.778 -0.172  0.056 -0.004]
 [-0.002 -0.035 -0.169 -0.041 -0.065  0.   ]
 [ 0.003 -0.257  0.05  -0.067  0.047 -0.   ]
 [-0.001 -0.    -0.007 -0.001 -0.     0.004]] 
----------------------------------------------------------------------------------------
   Fe1   Fe2   ( -1,   0,  -1) -0.2322   (-2.167,  0.000, -2.167)  3.065 
J_iso: -0.2322 
Orbital contributions:
 isotropic J:
 [[-0.039 -0.057 -0.028 -0.002  0.002 -0.001]
 [-0.057  0.776  0.052 -0.168  0.055 -0.004]
 [-0.029  0.055  0.046 -0.034 -0.257 -0.   ]
 [-0.002 -0.174 -0.033 -0.041 -0.065 -0.001]
 [ 0.002  0.051 -0.256 -0.068  0.046 -0.001]
 [ 0.002 -0.006  0.    -0.001 -0.001  0.004]] 
----------------------------------------------------------------------------------------
   Fe2   Fe2   ( -1,   0,   1)  0.3224   ( 2.167,  0.000, -2.167)  3.065 
J_iso:  0.3224 
Orbital contributions:
 isotropic J:
 [[-0.076 -0.095 -0.006 -0.012 -0.004  0.009]
 [-0.117  0.875 -0.368 -0.35  -0.369  0.04 ]
 [-0.001  0.045  0.259  0.02   0.185  0.003]
 [-0.013 -0.286 -0.018 -0.023 -0.023  0.026]
 [ 0.015  0.045  0.183  0.004  0.261  0.004]
 [ 0.009  0.068  0.003  0.031  0.002 -0.003]] 
----------------------------------------------------------------------------------------
   Fe2   Fe2   ( -1,   1,   0)  0.3136   ( 0.000,  2.167, -2.167)  3.065 
J_iso:  0.3136 
Orbital contributions:
 isotropic J:
 [[-0.078 -0.007 -0.094 -0.013 -0.002  0.008]
 [-0.001  0.259  0.044  0.019  0.183  0.004]
 [-0.117 -0.367  0.873 -0.352 -0.369  0.04 ]
 [-0.012 -0.018 -0.283 -0.024 -0.023  0.026]
 [ 0.014  0.183  0.044  0.004  0.259  0.004]
 [ 0.01   0.003  0.065  0.032  0.001 -0.003]] 
----------------------------------------------------------------------------------------
   Fe1   Fe2   (  0,  -1,  -1) -0.2269   (-2.167, -2.167,  0.000)  3.065 
J_iso: -0.2269 
Orbital contributions:
 isotropic J:
 [[-0.042 -0.066 -0.068 -0.    -0.228 -0.   ]
 [-0.068  0.046 -0.256  0.005  0.054  0.   ]
 [-0.069 -0.258  0.046  0.006  0.052 -0.   ]
 [-0.     0.006  0.006 -0.042 -0.    -0.   ]
 [-0.228  0.052  0.055 -0.     0.78  -0.004]
 [-0.002 -0.001 -0.    -0.    -0.006  0.004]] 
----------------------------------------------------------------------------------------
   Fe2   Fe2   (  0,  -1,   1)  0.3163   ( 2.167, -2.167,  0.000)  3.065 
J_iso:  0.3163 
Orbital contributions:
 isotropic J:
 [[-0.009 -0.025 -0.028  0.    -0.379  0.036]
 [ 0.014  0.258  0.182  0.004  0.043  0.004]
 [ 0.015  0.185  0.257  0.004  0.045  0.004]
 [-0.     0.003  0.003 -0.116  0.     0.   ]
 [-0.469 -0.366 -0.367 -0.     0.869  0.041]
 [ 0.045  0.001  0.004  0.     0.065 -0.003]] 
----------------------------------------------------------------------------------------
   Fe2   Fe2   (  0,   1,  -1)  0.3163   (-2.167,  2.167,  0.000)  3.065 
J_iso:  0.3163 
Orbital contributions:
 isotropic J:
 [[-0.009  0.014  0.015 -0.    -0.469  0.045]
 [-0.025  0.258  0.185  0.003 -0.366  0.001]
 [-0.028  0.182  0.257  0.003 -0.367  0.004]
 [ 0.     0.004  0.004 -0.116 -0.     0.   ]
 [-0.379  0.043  0.045  0.     0.869  0.065]
 [ 0.036  0.004  0.004  0.     0.041 -0.003]] 
----------------------------------------------------------------------------------------
   Fe2   Fe1   (  0,   1,   1) -0.2269   ( 2.167,  2.167,  0.000)  3.065 
J_iso: -0.2269 
Orbital contributions:
 isotropic J:
 [[-0.042 -0.068 -0.069 -0.    -0.228 -0.002]
 [-0.066  0.046 -0.258  0.006  0.052 -0.001]
 [-0.068 -0.256  0.046  0.006  0.055 -0.   ]
 [-0.     0.005  0.006 -0.042 -0.    -0.   ]
 [-0.228  0.054  0.052 -0.     0.78  -0.006]
 [-0.     0.    -0.    -0.    -0.004  0.004]] 
----------------------------------------------------------------------------------------
   Fe2   Fe2   (  1,  -1,   0)  0.3136   ( 0.000, -2.167,  2.167)  3.065 
J_iso:  0.3136 
Orbital contributions:
 isotropic J:
 [[-0.078 -0.001 -0.117 -0.012  0.014  0.01 ]
 [-0.007  0.259 -0.367 -0.018  0.183  0.003]
 [-0.094  0.044  0.873 -0.283  0.044  0.065]
 [-0.013  0.019 -0.352 -0.024  0.004  0.032]
 [-0.002  0.183 -0.369 -0.023  0.259  0.001]
 [ 0.008  0.004  0.04   0.026  0.004 -0.003]] 
----------------------------------------------------------------------------------------
   Fe2   Fe2   (  1,   0,  -1)  0.3224   (-2.167,  0.000,  2.167)  3.065 
J_iso:  0.3224 
Orbital contributions:
 isotropic J:
 [[-0.076 -0.117 -0.001 -0.013  0.015  0.009]
 [-0.095  0.875  0.045 -0.286  0.045  0.068]
 [-0.006 -0.368  0.259 -0.018  0.183  0.003]
 [-0.012 -0.35   0.02  -0.023  0.004  0.031]
 [-0.004 -0.369  0.185 -0.023  0.261  0.002]
 [ 0.009  0.04   0.003  0.026  0.004 -0.003]] 
----------------------------------------------------------------------------------------
   Fe2   Fe1   (  1,   0,   1) -0.2322   ( 2.167,  0.000,  2.167)  3.065 
J_iso: -0.2322 
Orbital contributions:
 isotropic J:
 [[-0.039 -0.057 -0.029 -0.002  0.002  0.002]
 [-0.057  0.776  0.055 -0.174  0.051 -0.006]
 [-0.028  0.052  0.046 -0.033 -0.256  0.   ]
 [-0.002 -0.168 -0.034 -0.041 -0.068 -0.001]
 [ 0.002  0.055 -0.257 -0.065  0.046 -0.001]
 [-0.001 -0.004 -0.    -0.001 -0.001  0.004]] 
----------------------------------------------------------------------------------------
   Fe2   Fe1   (  1,   1,   0) -0.2285   ( 0.000,  2.167,  2.167)  3.065 
J_iso: -0.2285 
Orbital contributions:
 isotropic J:
 [[-0.039 -0.029 -0.057 -0.002  0.003 -0.001]
 [-0.028  0.046  0.054 -0.035 -0.257 -0.   ]
 [-0.057  0.055  0.778 -0.169  0.05  -0.007]
 [-0.002 -0.034 -0.172 -0.041 -0.067 -0.001]
 [ 0.004 -0.256  0.056 -0.065  0.047 -0.   ]
 [ 0.    -0.    -0.004  0.    -0.     0.004]] 
----------------------------------------------------------------------------------------
   Fe1   Fe2   ( -2,   0,   0) -10.8109   ( 0.000,  0.000, -4.334)  4.334 
J_iso: -10.8109 
Orbital contributions:
 isotropic J:
 [[-11.31    0.018   0.017   0.      0.108   0.212]
 [  0.016   0.031  -0.153   0.001   0.015  -0.   ]
 [  0.018  -0.153   0.031   0.001   0.015  -0.   ]
 [  0.      0.001   0.001   0.003   0.     -0.   ]
 [  0.104   0.015   0.014  -0.     -0.006   0.001]
 [  0.189  -0.     -0.     -0.      0.002   0.   ]] 
----------------------------------------------------------------------------------------
   Fe1   Fe2   ( -1,  -1,   1) -10.8045   ( 4.334, -0.000, -0.000)  4.334 
J_iso: -10.8045 
Orbital contributions:
 isotropic J:
 [[-0.696  0.007  0.027 -2.135  0.003  0.056]
 [ 0.007  0.031  0.014  0.01  -0.153 -0.   ]
 [ 0.026  0.015 -0.006  0.079  0.015  0.001]
 [-2.126  0.012  0.079 -6.346  0.014  0.171]
 [ 0.003 -0.153  0.015  0.015  0.031 -0.001]
 [ 0.048  0.     0.001  0.133 -0.001  0.   ]] 
----------------------------------------------------------------------------------------
   Fe1   Fe2   ( -1,   1,  -1) -10.8031   ( 0.000,  4.334,  0.000)  4.334 
J_iso: -10.8031 
Orbital contributions:
 isotropic J:
 [[-0.696  0.027  0.007 -2.132  0.003  0.056]
 [ 0.027 -0.006  0.015  0.08   0.015  0.001]
 [ 0.006  0.014  0.03   0.011 -0.152 -0.   ]
 [-2.125  0.078  0.011 -6.349  0.014  0.17 ]
 [ 0.004  0.015 -0.153  0.016  0.03   0.   ]
 [ 0.046  0.001 -0.     0.135 -0.    -0.   ]] 
----------------------------------------------------------------------------------------
   Fe2   Fe1   ( -1,   1,   1) -10.8240   ( 0.000,  0.000, -4.334)  4.334 
J_iso: -10.8240 
Orbital contributions:
 isotropic J:
 [[-11.288  -0.02   -0.021   0.      0.143   0.208]
 [ -0.022  -0.039  -0.064   0.001   0.017  -0.007]
 [ -0.021  -0.064  -0.04    0.001   0.016  -0.006]
 [ -0.      0.001   0.001   0.004   0.     -0.   ]
 [  0.147   0.016   0.017   0.     -0.027   0.002]
 [  0.233  -0.006  -0.006  -0.      0.002   0.   ]] 
----------------------------------------------------------------------------------------
   Fe1   Fe2   (  0,  -2,   0) -10.8098   ( 0.000, -4.334,  0.000)  4.334 
J_iso: -10.8098 
Orbital contributions:
 isotropic J:
 [[-0.695  0.027  0.007 -2.131  0.004  0.053]
 [ 0.027 -0.006  0.015  0.079  0.015  0.001]
 [ 0.007  0.015  0.03   0.012 -0.153  0.   ]
 [-2.132  0.078  0.011 -6.35   0.014  0.153]
 [ 0.004  0.015 -0.153  0.015  0.032 -0.   ]
 [ 0.048  0.001 -0.     0.149 -0.    -0.   ]] 
----------------------------------------------------------------------------------------
   Fe1   Fe2   (  0,   0,  -2) -10.8024   (-4.334,  0.000,  0.000)  4.334 
J_iso: -10.8024 
Orbital contributions:
 isotropic J:
 [[-0.697  0.006  0.027 -2.131  0.003  0.052]
 [ 0.007  0.03   0.015  0.011 -0.153 -0.   ]
 [ 0.026  0.015 -0.006  0.078  0.015  0.001]
 [-2.13   0.012  0.08  -6.342  0.014  0.149]
 [ 0.004 -0.152  0.015  0.015  0.03  -0.   ]
 [ 0.053  0.     0.001  0.151  0.    -0.   ]] 
----------------------------------------------------------------------------------------
   Fe2   Fe1   (  0,   0,   2) -10.8024   ( 4.334,  0.000,  0.000)  4.334 
J_iso: -10.8024 
Orbital contributions:
 isotropic J:
 [[-0.697  0.007  0.026 -2.13   0.004  0.053]
 [ 0.006  0.03   0.015  0.012 -0.152  0.   ]
 [ 0.027  0.015 -0.006  0.08   0.015  0.001]
 [-2.131  0.011  0.078 -6.342  0.015  0.151]
 [ 0.003 -0.153  0.015  0.014  0.03   0.   ]
 [ 0.052 -0.     0.001  0.149 -0.    -0.   ]] 
----------------------------------------------------------------------------------------
   Fe2   Fe1   (  0,   2,   0) -10.8098   ( 0.000,  4.334,  0.000)  4.334 
J_iso: -10.8098 
Orbital contributions:
 isotropic J:
 [[-0.695  0.027  0.007 -2.132  0.004  0.048]
 [ 0.027 -0.006  0.015  0.078  0.015  0.001]
 [ 0.007  0.015  0.03   0.011 -0.153 -0.   ]
 [-2.131  0.079  0.012 -6.35   0.015  0.149]
 [ 0.004  0.015 -0.153  0.014  0.032 -0.   ]
 [ 0.053  0.001  0.     0.153 -0.    -0.   ]] 
----------------------------------------------------------------------------------------
   Fe1   Fe2   (  1,  -1,  -1) -10.8240   ( 0.000,  0.000,  4.334)  4.334 
J_iso: -10.8240 
Orbital contributions:
 isotropic J:
 [[-11.288  -0.022  -0.021  -0.      0.147   0.233]
 [ -0.02   -0.039  -0.064   0.001   0.016  -0.006]
 [ -0.021  -0.064  -0.04    0.001   0.017  -0.006]
 [  0.      0.001   0.001   0.004   0.     -0.   ]
 [  0.143   0.017   0.016   0.     -0.027   0.002]
 [  0.208  -0.007  -0.006  -0.      0.002   0.   ]] 
----------------------------------------------------------------------------------------
   Fe2   Fe1   (  1,  -1,   1) -10.8031   ( 0.000, -4.334,  0.000)  4.334 
J_iso: -10.8031 
Orbital contributions:
 isotropic J:
 [[-0.696  0.027  0.006 -2.125  0.004  0.046]
 [ 0.027 -0.006  0.014  0.078  0.015  0.001]
 [ 0.007  0.015  0.03   0.011 -0.153 -0.   ]
 [-2.132  0.08   0.011 -6.349  0.016  0.135]
 [ 0.003  0.015 -0.152  0.014  0.03  -0.   ]
 [ 0.056  0.001 -0.     0.17   0.    -0.   ]] 
----------------------------------------------------------------------------------------
   Fe2   Fe1   (  1,   1,  -1) -10.8045   (-4.334,  0.000,  0.000)  4.334 
J_iso: -10.8045 
Orbital contributions:
 isotropic J:
 [[-0.696  0.007  0.026 -2.126  0.003  0.048]
 [ 0.007  0.031  0.015  0.012 -0.153  0.   ]
 [ 0.027  0.014 -0.006  0.079  0.015  0.001]
 [-2.135  0.01   0.079 -6.346  0.015  0.133]
 [ 0.003 -0.153  0.015  0.014  0.031 -0.001]
 [ 0.056 -0.     0.001  0.171 -0.001  0.   ]] 
----------------------------------------------------------------------------------------
   Fe2   Fe1   (  2,   0,   0) -10.8109   ( 0.000,  0.000,  4.334)  4.334 
J_iso: -10.8109 
Orbital contributions:
 isotropic J:
 [[-11.31    0.016   0.018   0.      0.104   0.189]
 [  0.018   0.031  -0.153   0.001   0.015  -0.   ]
 [  0.017  -0.153   0.031   0.001   0.014  -0.   ]
 [  0.      0.001   0.001   0.003  -0.     -0.   ]
 [  0.108   0.015   0.015   0.     -0.006   0.002]
 [  0.212  -0.     -0.     -0.      0.001   0.   ]] 
----------------------------------------------------------------------------------------
   Fe1   Fe2   ( -2,  -1,   1) -0.0342   ( 2.167, -2.167, -4.334)  5.308 
J_iso: -0.0342 
Orbital contributions:
 isotropic J:
 [[-0.023  0.     0.002  0.    -0.002  0.002]
 [ 0.    -0.01  -0.     0.    -0.001  0.002]
 [ 0.002 -0.    -0.01  -0.     0.002  0.001]
 [ 0.     0.     0.     0.    -0.001  0.   ]
 [-0.003 -0.001  0.002 -0.    -0.    -0.   ]
 [ 0.002  0.001  0.001  0.    -0.    -0.   ]] 
----------------------------------------------------------------------------------------
   Fe1   Fe2   ( -1,  -2,   1) -0.0357   ( 2.167, -4.334, -2.167)  5.308 
J_iso: -0.0357 
Orbital contributions:
 isotropic J:
 [[-0.001 -0.009 -0.001 -0.004  0.001  0.   ]
 [-0.009 -0.     0.002  0.006 -0.001 -0.   ]
 [-0.001  0.002 -0.01   0.002 -0.     0.001]
 [-0.004  0.006  0.003 -0.013  0.     0.001]
 [ 0.    -0.001 -0.     0.    -0.01   0.002]
 [-0.    -0.     0.     0.001  0.002 -0.   ]] 
----------------------------------------------------------------------------------------
   Fe1   Fe1   (  0,  -1,   0) -0.0047   (-2.167, -4.334, -2.167)  5.308 
J_iso: -0.0047 
Orbital contributions:
 isotropic J:
 [[ 0.001  0.     0.    -0.005  0.002 -0.   ]
 [-0.    -0.     0.    -0.     0.    -0.001]
 [ 0.     0.001 -0.002  0.001  0.002 -0.   ]
 [-0.005  0.002  0.001 -0.005 -0.002  0.   ]
 [ 0.003  0.001  0.002 -0.001 -0.002 -0.   ]
 [ 0.001 -0.001  0.     0.001  0.     0.   ]] 
----------------------------------------------------------------------------------------
   Fe2   Fe2   (  0,  -1,   0) -0.0039   (-2.167, -4.334, -2.167)  5.308 
J_iso: -0.0039 
Orbital contributions:
 isotropic J:
 [[ 0.001 -0.     0.    -0.005  0.002  0.   ]
 [ 0.001 -0.     0.001  0.002  0.001 -0.001]
 [ 0.     0.    -0.002  0.     0.002  0.   ]
 [-0.005 -0.001  0.002 -0.005 -0.001  0.001]
 [ 0.002  0.     0.002 -0.002 -0.002  0.   ]
 [ 0.    -0.001 -0.     0.     0.     0.   ]] 
----------------------------------------------------------------------------------------
   Fe1   Fe1   (  0,   0,  -1) -0.0041   (-4.334, -2.167, -2.167)  5.308 
J_iso: -0.0041 
Orbital contributions:
 isotropic J:
 [[ 0.001  0.     0.001 -0.005  0.002 -0.   ]
 [ 0.    -0.002  0.001  0.001  0.002  0.   ]
 [ 0.     0.    -0.    -0.001  0.    -0.   ]
 [-0.005  0.001  0.001 -0.005 -0.002  0.001]
 [ 0.003  0.003  0.001 -0.001 -0.002  0.   ]
 [ 0.     0.001 -0.001  0.001  0.     0.   ]] 
----------------------------------------------------------------------------------------
   Fe2   Fe2   (  0,   0,  -1) -0.0036   (-4.334, -2.167, -2.167)  5.308 
J_iso: -0.0036 
Orbital contributions:
 isotropic J:
 [[ 0.001  0.    -0.    -0.005  0.003  0.   ]
 [ 0.    -0.002  0.     0.     0.002  0.   ]
 [ 0.001  0.001 -0.     0.002  0.001 -0.001]
 [-0.005  0.002 -0.    -0.004 -0.001  0.001]
 [ 0.002  0.002  0.    -0.002 -0.002  0.   ]
 [-0.    -0.    -0.001  0.     0.     0.   ]] 
----------------------------------------------------------------------------------------
   Fe1   Fe1   (  0,   0,   1) -0.0041   ( 4.334,  2.167,  2.167)  5.308 
J_iso: -0.0041 
Orbital contributions:
 isotropic J:
 [[ 0.001  0.     0.    -0.005  0.003  0.   ]
 [ 0.    -0.002  0.     0.001  0.003  0.001]
 [ 0.001  0.001 -0.     0.001  0.001 -0.001]
 [-0.005  0.001 -0.001 -0.005 -0.001  0.001]
 [ 0.002  0.002  0.    -0.002 -0.002  0.   ]
 [-0.     0.    -0.     0.001  0.     0.   ]] 
----------------------------------------------------------------------------------------
   Fe1   Fe1   (  0,   1,   0) -0.0047   ( 2.167,  4.334,  2.167)  5.308 
J_iso: -0.0047 
Orbital contributions:
 isotropic J:
 [[ 0.001 -0.     0.    -0.005  0.003  0.001]
 [ 0.    -0.     0.001  0.002  0.001 -0.001]
 [ 0.     0.    -0.002  0.001  0.002  0.   ]
 [-0.005 -0.     0.001 -0.005 -0.001  0.001]
 [ 0.002  0.     0.002 -0.002 -0.002  0.   ]
 [-0.    -0.001 -0.     0.    -0.     0.   ]] 
----------------------------------------------------------------------------------------
   Fe2   Fe1   (  1,   2,  -1) -0.0357   (-2.167,  4.334,  2.167)  5.308 
J_iso: -0.0357 
Orbital contributions:
 isotropic J:
 [[-0.001 -0.009 -0.001 -0.004  0.    -0.   ]
 [-0.009 -0.     0.002  0.006 -0.001 -0.   ]
 [-0.001  0.002 -0.01   0.003 -0.     0.   ]
 [-0.004  0.006  0.002 -0.013  0.     0.001]
 [ 0.001 -0.001 -0.     0.    -0.01   0.002]
 [ 0.    -0.     0.001  0.001  0.002 -0.   ]] 
----------------------------------------------------------------------------------------
   Fe2   Fe1   (  2,   1,  -1) -0.0342   (-2.167,  2.167,  4.334)  5.308 
J_iso: -0.0342 
Orbital contributions:
 isotropic J:
 [[-0.023  0.     0.002  0.    -0.003  0.002]
 [ 0.    -0.01  -0.     0.    -0.001  0.001]
 [ 0.002 -0.    -0.01   0.     0.002  0.001]
 [ 0.     0.    -0.     0.    -0.     0.   ]
 [-0.002 -0.001  0.002 -0.001 -0.    -0.   ]
 [ 0.002  0.002  0.001  0.    -0.    -0.   ]] 
----------------------------------------------------------------------------------------
   Fe1   Fe2   ( -2,   0,   1) -0.0356   ( 4.334,  2.167, -2.167)  5.308 
J_iso: -0.0356 
Orbital contributions:
 isotropic J:
 [[-0.002  0.     0.007 -0.004  0.002  0.001]
 [ 0.    -0.01  -0.001  0.    -0.001  0.002]
 [ 0.007 -0.001 -0.    -0.009  0.002 -0.   ]
 [-0.004  0.001 -0.01  -0.013 -0.     0.001]
 [ 0.002 -0.     0.002  0.    -0.009  0.001]
 [ 0.001  0.001 -0.     0.001  0.001 -0.   ]] 
----------------------------------------------------------------------------------------
   Fe1   Fe2   ( -2,   1,  -1) -0.0347   (-2.167,  2.167, -4.334)  5.308 
J_iso: -0.0347 
Orbital contributions:
 isotropic J:
 [[-0.024  0.002  0.     0.    -0.002  0.002]
 [ 0.002 -0.01  -0.001  0.     0.002  0.001]
 [ 0.    -0.    -0.01   0.    -0.001  0.002]
 [ 0.    -0.     0.     0.    -0.     0.   ]
 [-0.002  0.002 -0.001 -0.001 -0.    -0.   ]
 [ 0.002  0.     0.002  0.001 -0.    -0.   ]] 
----------------------------------------------------------------------------------------
   Fe1   Fe2   ( -2,   1,   0) -0.0367   ( 2.167,  4.334, -2.167)  5.308 
J_iso: -0.0367 
Orbital contributions:
 isotropic J:
 [[-0.002  0.007  0.    -0.004  0.002  0.001]
 [ 0.007 -0.    -0.001 -0.009  0.002 -0.   ]
 [ 0.    -0.001 -0.01   0.    -0.     0.002]
 [-0.004 -0.01   0.001 -0.013 -0.     0.001]
 [ 0.002  0.002 -0.001 -0.    -0.01   0.001]
 [ 0.    -0.     0.001  0.001  0.    -0.   ]] 
----------------------------------------------------------------------------------------
   Fe1   Fe1   ( -2,   1,   1)  0.0604   ( 2.167,  2.167, -4.334)  5.308 
J_iso:  0.0604 
Orbital contributions:
 isotropic J:
 [[-0.011  0.011  0.012  0.     0.002 -0.   ]
 [ 0.011 -0.002  0.008  0.001  0.     0.   ]
 [ 0.01   0.008 -0.002  0.001  0.     0.001]
 [ 0.     0.     0.001  0.    -0.    -0.   ]
 [ 0.004  0.004  0.003  0.    -0.003 -0.   ]
 [ 0.     0.     0.    -0.    -0.001 -0.   ]] 
----------------------------------------------------------------------------------------
   Fe2   Fe2   ( -2,   1,   1)  0.0593   ( 2.167,  2.167, -4.334)  5.308 
J_iso:  0.0593 
Orbital contributions:
 isotropic J:
 [[-0.011  0.01   0.011 -0.     0.003  0.001]
 [ 0.011 -0.002  0.008  0.001  0.003  0.   ]
 [ 0.011  0.008 -0.002  0.001  0.004  0.   ]
 [ 0.     0.001  0.001  0.    -0.    -0.   ]
 [ 0.003  0.     0.     0.    -0.003 -0.001]
 [-0.001  0.     0.    -0.    -0.    -0.   ]] 
----------------------------------------------------------------------------------------
   Fe1   Fe1   ( -1,  -1,   2)  0.0589   ( 4.334, -2.167, -2.167)  5.308 
J_iso:  0.0589 
Orbital contributions:
 isotropic J:
 [[ 0.     0.     0.001 -0.003  0.006 -0.   ]
 [-0.001 -0.002  0.     0.013  0.008  0.   ]
 [ 0.001  0.003 -0.003  0.002  0.003 -0.001]
 [-0.003  0.011  0.002 -0.005  0.006 -0.001]
 [ 0.007  0.008  0.     0.003 -0.002  0.   ]
 [-0.     0.    -0.001  0.     0.    -0.   ]] 
----------------------------------------------------------------------------------------
   Fe2   Fe2   ( -1,  -1,   2)  0.0599   ( 4.334, -2.167, -2.167)  5.308 
J_iso:  0.0599 
Orbital contributions:
 isotropic J:
 [[ 0.    -0.001  0.001 -0.003  0.008  0.   ]
 [ 0.    -0.002  0.003  0.012  0.008  0.   ]
 [ 0.001  0.    -0.003  0.001  0.    -0.001]
 [-0.003  0.012  0.003 -0.005  0.004  0.001]
 [ 0.006  0.008  0.003  0.005 -0.002  0.001]
 [-0.     0.    -0.    -0.001  0.     0.   ]] 
----------------------------------------------------------------------------------------
   Fe1   Fe1   ( -1,   0,   0) -0.0047   (-2.167, -2.167, -4.334)  5.308 
J_iso: -0.0047 
Orbital contributions:
 isotropic J:
 [[-0.013 -0.001 -0.001 -0.     0.002  0.   ]
 [-0.    -0.002  0.002  0.002  0.001  0.   ]
 [-0.     0.003 -0.002  0.002  0.001  0.   ]
 [ 0.     0.002  0.002 -0.    -0.     0.   ]
 [-0.001  0.     0.    -0.    -0.    -0.001]
 [ 0.001  0.     0.     0.    -0.001  0.   ]] 
----------------------------------------------------------------------------------------
   Fe2   Fe2   ( -1,   0,   0) -0.0054   (-2.167, -2.167, -4.334)  5.308 
J_iso: -0.0054 
Orbital contributions:
 isotropic J:
 [[-0.012  0.    -0.     0.    -0.001  0.001]
 [-0.002 -0.002  0.002  0.002  0.     0.   ]
 [-0.002  0.002 -0.002  0.002  0.     0.   ]
 [-0.     0.002  0.002 -0.001 -0.     0.   ]
 [ 0.002  0.001  0.001 -0.     0.    -0.001]
 [-0.001  0.    -0.     0.    -0.001  0.   ]] 
----------------------------------------------------------------------------------------
   Fe2   Fe1   ( -1,   0,   2) -0.0351   ( 2.167, -2.167, -4.334)  5.308 
J_iso: -0.0351 
Orbital contributions:
 isotropic J:
 [[-0.023  0.001  0.001  0.    -0.002  0.002]
 [ 0.001 -0.001  0.002 -0.001 -0.001 -0.001]
 [ 0.     0.002 -0.017 -0.001 -0.002  0.003]
 [ 0.    -0.001 -0.001  0.     0.001  0.   ]
 [-0.003 -0.001 -0.002  0.001 -0.    -0.   ]
 [ 0.002 -0.001  0.003  0.001 -0.001  0.   ]] 
----------------------------------------------------------------------------------------
   Fe1   Fe2   ( -1,   1,  -2) -0.0358   (-4.334,  2.167, -2.167)  5.308 
J_iso: -0.0358 
Orbital contributions:
 isotropic J:
 [[-0.001 -0.001 -0.009 -0.004  0.     0.   ]
 [-0.001 -0.01   0.002  0.003 -0.     0.001]
 [-0.009  0.002 -0.     0.006 -0.001 -0.   ]
 [-0.004  0.002  0.006 -0.013  0.     0.002]
 [ 0.001 -0.001 -0.001  0.    -0.01   0.002]
 [ 0.     0.    -0.     0.001  0.001 -0.   ]] 
----------------------------------------------------------------------------------------
   Fe2   Fe1   ( -1,   1,   2) -0.0345   ( 4.334,  2.167, -2.167)  5.308 
J_iso: -0.0345 
Orbital contributions:
 isotropic J:
 [[-0.001 -0.001  0.009 -0.004  0.     0.002]
 [-0.001 -0.002 -0.001  0.002  0.002 -0.001]
 [ 0.009 -0.001 -0.    -0.01  -0.002 -0.001]
 [-0.004  0.002 -0.01  -0.013 -0.001  0.   ]
 [ 0.     0.002 -0.002 -0.001 -0.016  0.003]
 [ 0.002 -0.001 -0.     0.     0.003  0.   ]] 
----------------------------------------------------------------------------------------
   Fe1   Fe1   ( -1,   2,  -1)  0.0596   (-2.167,  4.334, -2.167)  5.308 
J_iso:  0.0596 
Orbital contributions:
 isotropic J:
 [[ 0.     0.001  0.    -0.003  0.007 -0.   ]
 [ 0.001 -0.003  0.003  0.003  0.003 -0.   ]
 [-0.001  0.    -0.002  0.013  0.008  0.   ]
 [-0.003  0.002  0.012 -0.006  0.006 -0.001]
 [ 0.008  0.001  0.008  0.003 -0.002  0.001]
 [ 0.    -0.001  0.     0.     0.    -0.   ]] 
----------------------------------------------------------------------------------------
   Fe2   Fe1   ( -1,   2,   0) -0.0363   (-2.167,  2.167, -4.334)  5.308 
J_iso: -0.0363 
Orbital contributions:
 isotropic J:
 [[-0.023  0.     0.001  0.    -0.003  0.002]
 [ 0.    -0.017  0.002 -0.001 -0.002  0.003]
 [ 0.001  0.002 -0.002 -0.001 -0.001 -0.001]
 [ 0.    -0.001 -0.001  0.     0.001 -0.   ]
 [-0.002 -0.002 -0.     0.001 -0.    -0.001]
 [ 0.002  0.003 -0.001  0.001 -0.001  0.   ]] 
----------------------------------------------------------------------------------------
   Fe2   Fe1   ( -1,   2,   1) -0.0348   ( 2.167,  4.334, -2.167)  5.308 
J_iso: -0.0348 
Orbital contributions:
 isotropic J:
 [[-0.002  0.009 -0.001 -0.004  0.001  0.003]
 [ 0.009 -0.    -0.001 -0.01  -0.002 -0.   ]
 [-0.001 -0.001 -0.001  0.002  0.002 -0.001]
 [-0.004 -0.01   0.002 -0.013 -0.001  0.   ]
 [ 0.001 -0.002  0.002 -0.001 -0.017  0.003]
 [ 0.001 -0.    -0.    -0.     0.003  0.   ]] 
----------------------------------------------------------------------------------------
   Fe1   Fe2   (  0,  -2,   1) -0.0364   ( 4.334, -2.167,  2.167)  5.308 
J_iso: -0.0364 
Orbital contributions:
 isotropic J:
 [[-0.001 -0.001 -0.008 -0.004  0.    -0.   ]
 [-0.001 -0.01   0.002  0.003 -0.     0.001]
 [-0.009  0.002 -0.     0.006 -0.001 -0.001]
 [-0.004  0.002  0.006 -0.013  0.     0.002]
 [ 0.001 -0.001 -0.001  0.    -0.01   0.001]
 [ 0.     0.001 -0.     0.002  0.001 -0.   ]] 
----------------------------------------------------------------------------------------
   Fe2   Fe1   (  0,  -1,   2) -0.0365   ( 2.167, -4.334, -2.167)  5.308 
J_iso: -0.0365 
Orbital contributions:
 isotropic J:
 [[-0.001 -0.008 -0.001 -0.004  0.001 -0.   ]
 [-0.008 -0.    -0.002  0.006 -0.001 -0.   ]
 [-0.001 -0.002 -0.017  0.     0.002  0.003]
 [-0.004  0.007  0.001 -0.013 -0.     0.003]
 [ 0.001 -0.001  0.002  0.    -0.002 -0.001]
 [-0.001 -0.001  0.003  0.003 -0.     0.   ]] 
----------------------------------------------------------------------------------------
   Fe2   Fe2   (  0,   0,   1) -0.0036   ( 4.334,  2.167,  2.167)  5.308 
J_iso: -0.0036 
Orbital contributions:
 isotropic J:
 [[ 0.001  0.     0.001 -0.005  0.002 -0.   ]
 [ 0.    -0.002  0.001  0.002  0.002 -0.   ]
 [-0.     0.    -0.    -0.     0.    -0.001]
 [-0.005  0.     0.002 -0.004 -0.002  0.   ]
 [ 0.003  0.002  0.001 -0.001 -0.002  0.   ]
 [ 0.     0.    -0.001  0.001  0.     0.   ]] 
----------------------------------------------------------------------------------------
   Fe1   Fe2   (  0,   1,  -2) -0.0365   (-2.167,  4.334,  2.167)  5.308 
J_iso: -0.0365 
Orbital contributions:
 isotropic J:
 [[-0.001 -0.008 -0.001 -0.004  0.001 -0.001]
 [-0.008 -0.    -0.002  0.007 -0.001 -0.001]
 [-0.001 -0.002 -0.017  0.001  0.002  0.003]
 [-0.004  0.006  0.    -0.013  0.     0.003]
 [ 0.001 -0.001  0.002 -0.    -0.002 -0.   ]
 [-0.    -0.     0.003  0.003 -0.001  0.   ]] 
----------------------------------------------------------------------------------------
   Fe2   Fe2   (  0,   1,   0) -0.0039   ( 2.167,  4.334,  2.167)  5.308 
J_iso: -0.0039 
Orbital contributions:
 isotropic J:
 [[ 0.001  0.001  0.    -0.005  0.002  0.   ]
 [-0.    -0.     0.    -0.001  0.    -0.001]
 [ 0.     0.001 -0.002  0.002  0.002 -0.   ]
 [-0.005  0.002  0.    -0.005 -0.002  0.   ]
 [ 0.002  0.001  0.002 -0.001 -0.002  0.   ]
 [ 0.    -0.001  0.     0.001  0.     0.   ]] 
----------------------------------------------------------------------------------------
   Fe2   Fe1   (  0,   2,  -1) -0.0364   (-4.334,  2.167, -2.167)  5.308 
J_iso: -0.0364 
Orbital contributions:
 isotropic J:
 [[-0.001 -0.001 -0.009 -0.004  0.001  0.   ]
 [-0.001 -0.01   0.002  0.002 -0.001  0.001]
 [-0.008  0.002 -0.     0.006 -0.001 -0.   ]
 [-0.004  0.003  0.006 -0.013  0.     0.002]
 [ 0.    -0.    -0.001  0.    -0.01   0.001]
 [-0.     0.001 -0.001  0.002  0.001 -0.   ]] 
----------------------------------------------------------------------------------------
   Fe1   Fe2   (  1,  -2,  -1) -0.0348   (-2.167, -4.334,  2.167)  5.308 
J_iso: -0.0348 
Orbital contributions:
 isotropic J:
 [[-0.002  0.009 -0.001 -0.004  0.001  0.001]
 [ 0.009 -0.    -0.001 -0.01  -0.002 -0.   ]
 [-0.001 -0.001 -0.001  0.002  0.002 -0.   ]
 [-0.004 -0.01   0.002 -0.013 -0.001 -0.   ]
 [ 0.001 -0.002  0.002 -0.001 -0.017  0.003]
 [ 0.003 -0.    -0.001  0.     0.003  0.   ]] 
----------------------------------------------------------------------------------------
   Fe1   Fe2   (  1,  -2,   0) -0.0363   ( 2.167, -2.167,  4.334)  5.308 
J_iso: -0.0363 
Orbital contributions:
 isotropic J:
 [[-0.023  0.     0.001  0.    -0.002  0.002]
 [ 0.    -0.017  0.002 -0.001 -0.002  0.003]
 [ 0.001  0.002 -0.002 -0.001 -0.    -0.001]
 [ 0.    -0.001 -0.001  0.     0.001  0.001]
 [-0.003 -0.002 -0.001  0.001 -0.    -0.001]
 [ 0.002  0.003 -0.001 -0.    -0.001  0.   ]] 
----------------------------------------------------------------------------------------
   Fe1   Fe1   (  1,  -2,   1)  0.0596   ( 2.167, -4.334,  2.167)  5.308 
J_iso:  0.0596 
Orbital contributions:
 isotropic J:
 [[ 0.     0.001 -0.001 -0.003  0.008  0.   ]
 [ 0.001 -0.003  0.     0.002  0.001 -0.001]
 [ 0.     0.003 -0.002  0.012  0.008  0.   ]
 [-0.003  0.003  0.013 -0.006  0.003  0.   ]
 [ 0.007  0.003  0.008  0.006 -0.002  0.   ]
 [-0.    -0.     0.    -0.001  0.001 -0.   ]] 
----------------------------------------------------------------------------------------
   Fe1   Fe2   (  1,  -1,  -2) -0.0345   (-4.334, -2.167,  2.167)  5.308 
J_iso: -0.0345 
Orbital contributions:
 isotropic J:
 [[-0.001 -0.001  0.009 -0.004  0.     0.002]
 [-0.001 -0.002 -0.001  0.002  0.002 -0.001]
 [ 0.009 -0.001 -0.    -0.01  -0.002 -0.   ]
 [-0.004  0.002 -0.01  -0.013 -0.001  0.   ]
 [ 0.     0.002 -0.002 -0.001 -0.016  0.003]
 [ 0.002 -0.001 -0.001  0.     0.003  0.   ]] 
----------------------------------------------------------------------------------------
   Fe2   Fe1   (  1,  -1,   2) -0.0358   ( 4.334, -2.167,  2.167)  5.308 
J_iso: -0.0358 
Orbital contributions:
 isotropic J:
 [[-0.001 -0.001 -0.009 -0.004  0.001  0.   ]
 [-0.001 -0.01   0.002  0.002 -0.001  0.   ]
 [-0.009  0.002 -0.     0.006 -0.001 -0.   ]
 [-0.004  0.003  0.006 -0.013  0.     0.001]
 [ 0.    -0.    -0.001  0.    -0.01   0.001]
 [ 0.     0.001 -0.     0.002  0.002 -0.   ]] 
----------------------------------------------------------------------------------------
   Fe1   Fe2   (  1,   0,  -2) -0.0351   (-2.167,  2.167,  4.334)  5.308 
J_iso: -0.0351 
Orbital contributions:
 isotropic J:
 [[-0.023  0.001  0.     0.    -0.003  0.002]
 [ 0.001 -0.001  0.002 -0.001 -0.001 -0.001]
 [ 0.001  0.002 -0.017 -0.001 -0.002  0.003]
 [ 0.    -0.001 -0.001  0.     0.001  0.001]
 [-0.002 -0.001 -0.002  0.001 -0.    -0.001]
 [ 0.002 -0.001  0.003  0.    -0.     0.   ]] 
----------------------------------------------------------------------------------------
   Fe1   Fe1   (  1,   0,   0) -0.0047   ( 2.167,  2.167,  4.334)  5.308 
J_iso: -0.0047 
Orbital contributions:
 isotropic J:
 [[-0.013 -0.    -0.     0.    -0.001  0.001]
 [-0.001 -0.002  0.003  0.002  0.     0.   ]
 [-0.001  0.002 -0.002  0.002  0.     0.   ]
 [-0.     0.002  0.002 -0.    -0.     0.   ]
 [ 0.002  0.001  0.001 -0.    -0.    -0.001]
 [ 0.     0.     0.     0.    -0.001  0.   ]] 
----------------------------------------------------------------------------------------
   Fe2   Fe2   (  1,   0,   0) -0.0054   ( 2.167,  2.167,  4.334)  5.308 
J_iso: -0.0054 
Orbital contributions:
 isotropic J:
 [[-0.012 -0.002 -0.002 -0.     0.002 -0.001]
 [ 0.    -0.002  0.002  0.002  0.001  0.   ]
 [-0.     0.002 -0.002  0.002  0.001 -0.   ]
 [ 0.     0.002  0.002 -0.001 -0.     0.   ]
 [-0.001  0.     0.    -0.     0.    -0.001]
 [ 0.001  0.     0.     0.    -0.001  0.   ]] 
----------------------------------------------------------------------------------------
   Fe1   Fe1   (  1,   1,  -2)  0.0589   (-4.334,  2.167,  2.167)  5.308 
J_iso:  0.0589 
Orbital contributions:
 isotropic J:
 [[ 0.    -0.001  0.001 -0.003  0.007 -0.   ]
 [ 0.    -0.002  0.003  0.011  0.008  0.   ]
 [ 0.001  0.    -0.003  0.002  0.    -0.001]
 [-0.003  0.013  0.002 -0.005  0.003  0.   ]
 [ 0.006  0.008  0.003  0.006 -0.002  0.   ]
 [-0.     0.    -0.001 -0.001  0.    -0.   ]] 
----------------------------------------------------------------------------------------
   Fe2   Fe2   (  1,   1,  -2)  0.0599   (-4.334,  2.167,  2.167)  5.308 
J_iso:  0.0599 
Orbital contributions:
 isotropic J:
 [[ 0.     0.     0.001 -0.003  0.006 -0.   ]
 [-0.001 -0.002  0.     0.012  0.008  0.   ]
 [ 0.001  0.003 -0.003  0.003  0.003 -0.   ]
 [-0.003  0.012  0.001 -0.005  0.005 -0.001]
 [ 0.008  0.008  0.     0.004 -0.002  0.   ]
 [ 0.     0.    -0.001  0.001  0.001  0.   ]] 
----------------------------------------------------------------------------------------
   Fe1   Fe1   (  2,  -1,  -1)  0.0604   (-2.167, -2.167,  4.334)  5.308 
J_iso:  0.0604 
Orbital contributions:
 isotropic J:
 [[-0.011  0.011  0.01   0.     0.004  0.   ]
 [ 0.011 -0.002  0.008  0.     0.004  0.   ]
 [ 0.012  0.008 -0.002  0.001  0.003  0.   ]
 [ 0.     0.001  0.001  0.     0.    -0.   ]
 [ 0.002  0.     0.    -0.    -0.003 -0.001]
 [-0.     0.     0.001 -0.    -0.    -0.   ]] 
