<?xml version="1.0" ?>
<System_definition>
	<unit_cell units="bohrradius">5.71157e-02	7.46355e+00	7.46355e+00	
7.46355e+00	5.71157e-02	7.46355e+00	
7.46355e+00	7.46355e+00	5.71157e-02</unit_cell>
	<atom damping_factor="1.00000" gyroratio="1.00000e+00" index_spin="0" mass="2.08980e+02" massunits="atomicmassunit">
		<position units="bohrradius">4.56082e-01	4.56082e-01	4.56082e-01</position>
		<spinat>-1.02171e-03	4.51951e-04	-4.48018e-03</spinat>
	</atom>
	<atom damping_factor="1.00000" gyroratio="1.00000e+00" index_spin="0" mass="2.08980e+02" massunits="atomicmassunit">
		<position units="bohrradius">7.94819e+00	7.94819e+00	7.94819e+00</position>
		<spinat>4.51947e-04	-1.02172e-03	4.48111e-03</spinat>
	</atom>
	<atom damping_factor="1.00000" gyroratio="1.00000e+00" index_spin="1" mass="5.58450e+01" massunits="atomicmassunit">
		<position units="bohrradius">3.81066e+00	3.81066e+00	3.81066e+00</position>
		<spinat>-2.74541e-03	2.08657e-03	4.11505e+00</spinat>
	</atom>
	<atom damping_factor="1.00000" gyroratio="1.00000e+00" index_spin="2" mass="5.58450e+01" massunits="atomicmassunit">
		<position units="bohrradius">1.13028e+01	1.13028e+01	1.13028e+01</position>
		<spinat>2.08703e-03	-2.74460e-03	-4.11505e+00</spinat>
	</atom>
	<atom damping_factor="1.00000" gyroratio="1.00000e+00" index_spin="0" mass="1.59990e+01" massunits="atomicmassunit">
		<position units="bohrradius">1.04384e+01	4.07395e+00	7.44326e+00</position>
		<spinat>-5.01629e-04	-1.11349e-03	-5.67824e-02</spinat>
	</atom>
	<atom damping_factor="1.00000" gyroratio="1.00000e+00" index_spin="0" mass="1.59990e+01" massunits="atomicmassunit">
		<position units="bohrradius">1.15089e+01	1.04670e+01	7.47181e+00</position>
		<spinat>-1.11353e-03	-5.01630e-04	5.67828e-02</spinat>
	</atom>
	<atom damping_factor="1.00000" gyroratio="1.00000e+00" index_spin="0" mass="1.59990e+01" massunits="atomicmassunit">
		<position units="bohrradius">7.44326e+00	1.04384e+01	4.07395e+00</position>
		<spinat>-1.56805e-03	2.65968e-03	-5.58758e-02</spinat>
	</atom>
	<atom damping_factor="1.00000" gyroratio="1.00000e+00" index_spin="0" mass="1.59990e+01" massunits="atomicmassunit">
		<position units="bohrradius">7.47181e+00	1.15089e+01	1.04670e+01</position>
		<spinat>1.38173e-04	3.09884e-03	5.62238e-02</spinat>
	</atom>
	<atom damping_factor="1.00000" gyroratio="1.00000e+00" index_spin="0" mass="1.59990e+01" massunits="atomicmassunit">
		<position units="bohrradius">4.07395e+00	7.44326e+00	1.04384e+01</position>
		<spinat>3.09885e-03	1.38182e-04	-5.62235e-02</spinat>
	</atom>
	<atom damping_factor="1.00000" gyroratio="1.00000e+00" index_spin="0" mass="1.59990e+01" massunits="atomicmassunit">
		<position units="bohrradius">1.04670e+01	7.47181e+00	1.15089e+01</position>
		<spinat>2.65965e-03	-1.56806e-03	5.58763e-02</spinat>
	</atom>
	<spin_exchange_list units="eV">
		<nterms>52</nterms>
		<spin_exchange_term>
			<ijR>1 1 -1 0 0</ijR>
			<data>-2.19868e-05 	 -2.19868e-05 	 -2.19868e-05</data>
		</spin_exchange_term>
		<spin_exchange_term>
			<ijR>1 1 -1 0 1</ijR>
			<data>-7.43225e-04 	 -7.43225e-04 	 -7.43225e-04</data>
		</spin_exchange_term>
		<spin_exchange_term>
			<ijR>1 1 -1 1 0</ijR>
			<data>-7.42207e-04 	 -7.42207e-04 	 -7.42207e-04</data>
		</spin_exchange_term>
		<spin_exchange_term>
			<ijR>1 1 0 -1 0</ijR>
			<data>-2.16838e-05 	 -2.16838e-05 	 -2.16838e-05</data>
		</spin_exchange_term>
		<spin_exchange_term>
			<ijR>1 1 0 -1 1</ijR>
			<data>-7.41315e-04 	 -7.41315e-04 	 -7.41315e-04</data>
		</spin_exchange_term>
		<spin_exchange_term>
			<ijR>1 1 0 0 -1</ijR>
			<data>-2.28104e-05 	 -2.28104e-05 	 -2.28104e-05</data>
		</spin_exchange_term>
		<spin_exchange_term>
			<ijR>1 1 0 0 1</ijR>
			<data>-2.28104e-05 	 -2.28104e-05 	 -2.28104e-05</data>
		</spin_exchange_term>
		<spin_exchange_term>
			<ijR>1 1 0 1 -1</ijR>
			<data>-7.41315e-04 	 -7.41315e-04 	 -7.41315e-04</data>
		</spin_exchange_term>
		<spin_exchange_term>
			<ijR>1 1 0 1 0</ijR>
			<data>-2.16838e-05 	 -2.16838e-05 	 -2.16838e-05</data>
		</spin_exchange_term>
		<spin_exchange_term>
			<ijR>1 1 1 -1 0</ijR>
			<data>-7.42207e-04 	 -7.42207e-04 	 -7.42207e-04</data>
		</spin_exchange_term>
		<spin_exchange_term>
			<ijR>1 1 1 0 -1</ijR>
			<data>-7.43225e-04 	 -7.43225e-04 	 -7.43225e-04</data>
		</spin_exchange_term>
		<spin_exchange_term>
			<ijR>1 1 1 0 0</ijR>
			<data>-2.19868e-05 	 -2.19868e-05 	 -2.19868e-05</data>
		</spin_exchange_term>
		<spin_exchange_term>
			<ijR>1 2 -1 0 0</ijR>
			<data>-2.67790e-02 	 -2.67790e-02 	 -2.67790e-02</data>
		</spin_exchange_term>
		<spin_exchange_term>
			<ijR>1 2 0 -1 0</ijR>
			<data>-2.67977e-02 	 -2.67977e-02 	 -2.67977e-02</data>
		</spin_exchange_term>
		<spin_exchange_term>
			<ijR>1 2 0 0 -1</ijR>
			<data>-2.67407e-02 	 -2.67407e-02 	 -2.67407e-02</data>
		</spin_exchange_term>
		<spin_exchange_term>
			<ijR>1 2 0 0 0</ijR>
			<data>7.28142e-05 	 7.28142e-05 	 7.28142e-05</data>
		</spin_exchange_term>
		<spin_exchange_term>
			<ijR>1 2 -2 0 0</ijR>
			<data>-1.32252e-04 	 -1.32252e-04 	 -1.32252e-04</data>
		</spin_exchange_term>
		<spin_exchange_term>
			<ijR>1 2 -1 -1 -1</ijR>
			<data>7.28133e-05 	 7.28133e-05 	 7.28133e-05</data>
		</spin_exchange_term>
		<spin_exchange_term>
			<ijR>1 2 -1 -1 0</ijR>
			<data>-2.67407e-02 	 -2.67407e-02 	 -2.67407e-02</data>
		</spin_exchange_term>
		<spin_exchange_term>
			<ijR>1 2 -1 -1 1</ijR>
			<data>-1.31852e-04 	 -1.31852e-04 	 -1.31852e-04</data>
		</spin_exchange_term>
		<spin_exchange_term>
			<ijR>1 2 -1 0 -1</ijR>
			<data>-2.67790e-02 	 -2.67790e-02 	 -2.67790e-02</data>
		</spin_exchange_term>
		<spin_exchange_term>
			<ijR>1 2 -1 1 -1</ijR>
			<data>-1.32253e-04 	 -1.32253e-04 	 -1.32253e-04</data>
		</spin_exchange_term>
		<spin_exchange_term>
			<ijR>1 2 0 -2 0</ijR>
			<data>-1.32424e-04 	 -1.32424e-04 	 -1.32424e-04</data>
		</spin_exchange_term>
		<spin_exchange_term>
			<ijR>1 2 0 -1 -1</ijR>
			<data>-2.67976e-02 	 -2.67976e-02 	 -2.67976e-02</data>
		</spin_exchange_term>
		<spin_exchange_term>
			<ijR>1 2 0 0 -2</ijR>
			<data>-1.31851e-04 	 -1.31851e-04 	 -1.31851e-04</data>
		</spin_exchange_term>
		<spin_exchange_term>
			<ijR>1 2 1 -1 -1</ijR>
			<data>-1.32425e-04 	 -1.32425e-04 	 -1.32425e-04</data>
		</spin_exchange_term>
		<spin_exchange_term>
			<ijR>2 1 0 0 0</ijR>
			<data>7.28142e-05 	 7.28142e-05 	 7.28142e-05</data>
		</spin_exchange_term>
		<spin_exchange_term>
			<ijR>2 1 0 0 1</ijR>
			<data>-2.67407e-02 	 -2.67407e-02 	 -2.67407e-02</data>
		</spin_exchange_term>
		<spin_exchange_term>
			<ijR>2 1 0 1 0</ijR>
			<data>-2.67977e-02 	 -2.67977e-02 	 -2.67977e-02</data>
		</spin_exchange_term>
		<spin_exchange_term>
			<ijR>2 1 1 0 0</ijR>
			<data>-2.67790e-02 	 -2.67790e-02 	 -2.67790e-02</data>
		</spin_exchange_term>
		<spin_exchange_term>
			<ijR>2 1 -1 1 1</ijR>
			<data>-1.32425e-04 	 -1.32425e-04 	 -1.32425e-04</data>
		</spin_exchange_term>
		<spin_exchange_term>
			<ijR>2 1 0 0 2</ijR>
			<data>-1.31851e-04 	 -1.31851e-04 	 -1.31851e-04</data>
		</spin_exchange_term>
		<spin_exchange_term>
			<ijR>2 1 0 1 1</ijR>
			<data>-2.67976e-02 	 -2.67976e-02 	 -2.67976e-02</data>
		</spin_exchange_term>
		<spin_exchange_term>
			<ijR>2 1 0 2 0</ijR>
			<data>-1.32424e-04 	 -1.32424e-04 	 -1.32424e-04</data>
		</spin_exchange_term>
		<spin_exchange_term>
			<ijR>2 1 1 -1 1</ijR>
			<data>-1.32253e-04 	 -1.32253e-04 	 -1.32253e-04</data>
		</spin_exchange_term>
		<spin_exchange_term>
			<ijR>2 1 1 0 1</ijR>
			<data>-2.67790e-02 	 -2.67790e-02 	 -2.67790e-02</data>
		</spin_exchange_term>
		<spin_exchange_term>
			<ijR>2 1 1 1 -1</ijR>
			<data>-1.31852e-04 	 -1.31852e-04 	 -1.31852e-04</data>
		</spin_exchange_term>
		<spin_exchange_term>
			<ijR>2 1 1 1 0</ijR>
			<data>-2.67407e-02 	 -2.67407e-02 	 -2.67407e-02</data>
		</spin_exchange_term>
		<spin_exchange_term>
			<ijR>2 1 1 1 1</ijR>
			<data>7.28133e-05 	 7.28133e-05 	 7.28133e-05</data>
		</spin_exchange_term>
		<spin_exchange_term>
			<ijR>2 1 2 0 0</ijR>
			<data>-1.32252e-04 	 -1.32252e-04 	 -1.32252e-04</data>
		</spin_exchange_term>
		<spin_exchange_term>
			<ijR>2 2 -1 0 0</ijR>
			<data>-2.16824e-05 	 -2.16824e-05 	 -2.16824e-05</data>
		</spin_exchange_term>
		<spin_exchange_term>
			<ijR>2 2 -1 0 1</ijR>
			<data>-7.41309e-04 	 -7.41309e-04 	 -7.41309e-04</data>
		</spin_exchange_term>
		<spin_exchange_term>
			<ijR>2 2 -1 1 0</ijR>
			<data>-7.42202e-04 	 -7.42202e-04 	 -7.42202e-04</data>
		</spin_exchange_term>
		<spin_exchange_term>
			<ijR>2 2 0 -1 0</ijR>
			<data>-2.19870e-05 	 -2.19870e-05 	 -2.19870e-05</data>
		</spin_exchange_term>
		<spin_exchange_term>
			<ijR>2 2 0 -1 1</ijR>
			<data>-7.43220e-04 	 -7.43220e-04 	 -7.43220e-04</data>
		</spin_exchange_term>
		<spin_exchange_term>
			<ijR>2 2 0 0 -1</ijR>
			<data>-2.28103e-05 	 -2.28103e-05 	 -2.28103e-05</data>
		</spin_exchange_term>
		<spin_exchange_term>
			<ijR>2 2 0 0 1</ijR>
			<data>-2.28103e-05 	 -2.28103e-05 	 -2.28103e-05</data>
		</spin_exchange_term>
		<spin_exchange_term>
			<ijR>2 2 0 1 -1</ijR>
			<data>-7.43220e-04 	 -7.43220e-04 	 -7.43220e-04</data>
		</spin_exchange_term>
		<spin_exchange_term>
			<ijR>2 2 0 1 0</ijR>
			<data>-2.19870e-05 	 -2.19870e-05 	 -2.19870e-05</data>
		</spin_exchange_term>
		<spin_exchange_term>
			<ijR>2 2 1 -1 0</ijR>
			<data>-7.42202e-04 	 -7.42202e-04 	 -7.42202e-04</data>
		</spin_exchange_term>
		<spin_exchange_term>
			<ijR>2 2 1 0 -1</ijR>
			<data>-7.41309e-04 	 -7.41309e-04 	 -7.41309e-04</data>
		</spin_exchange_term>
		<spin_exchange_term>
			<ijR>2 2 1 0 0</ijR>
			<data>-2.16824e-05 	 -2.16824e-05 	 -2.16824e-05</data>
		</spin_exchange_term>
	</spin_exchange_list>
	<spin_DMI_list units="eV">
		<nterms>52</nterms>
		<spin_DMI_term>
			<ijR>1 1 -1 0 0</ijR>
			<data>-3.22961e-05 	 -3.65707e-05 	 4.04968e-07</data>
		</spin_DMI_term>
		<spin_DMI_term>
			<ijR>1 1 -1 0 1</ijR>
			<data>-4.09400e-05 	 -5.36781e-05 	 -1.96554e-06</data>
		</spin_DMI_term>
		<spin_DMI_term>
			<ijR>1 1 -1 1 0</ijR>
			<data>9.40521e-06 	 -4.28922e-05 	 4.67549e-05</data>
		</spin_DMI_term>
		<spin_DMI_term>
			<ijR>1 1 0 -1 0</ijR>
			<data>3.16697e-06 	 3.51580e-05 	 -2.50906e-05</data>
		</spin_DMI_term>
		<spin_DMI_term>
			<ijR>1 1 0 -1 1</ijR>
			<data>-5.23296e-05 	 -8.99462e-06 	 -3.24958e-06</data>
		</spin_DMI_term>
		<spin_DMI_term>
			<ijR>1 1 0 0 -1</ijR>
			<data>3.61832e-05 	 -3.37782e-06 	 1.81206e-05</data>
		</spin_DMI_term>
		<spin_DMI_term>
			<ijR>1 1 0 0 1</ijR>
			<data>-3.61832e-05 	 3.37782e-06 	 -1.81206e-05</data>
		</spin_DMI_term>
		<spin_DMI_term>
			<ijR>1 1 0 1 -1</ijR>
			<data>5.23296e-05 	 8.99462e-06 	 3.24958e-06</data>
		</spin_DMI_term>
		<spin_DMI_term>
			<ijR>1 1 0 1 0</ijR>
			<data>-3.16697e-06 	 -3.51580e-05 	 2.50906e-05</data>
		</spin_DMI_term>
		<spin_DMI_term>
			<ijR>1 1 1 -1 0</ijR>
			<data>-9.40521e-06 	 4.28922e-05 	 -4.67549e-05</data>
		</spin_DMI_term>
		<spin_DMI_term>
			<ijR>1 1 1 0 -1</ijR>
			<data>4.09400e-05 	 5.36781e-05 	 1.96554e-06</data>
		</spin_DMI_term>
		<spin_DMI_term>
			<ijR>1 1 1 0 0</ijR>
			<data>3.22961e-05 	 3.65707e-05 	 -4.04968e-07</data>
		</spin_DMI_term>
		<spin_DMI_term>
			<ijR>1 2 -1 0 0</ijR>
			<data>-1.59922e-04 	 3.10115e-04 	 3.58999e-05</data>
		</spin_DMI_term>
		<spin_DMI_term>
			<ijR>1 2 0 -1 0</ijR>
			<data>9.96090e-05 	 1.59023e-04 	 -3.57986e-05</data>
		</spin_DMI_term>
		<spin_DMI_term>
			<ijR>1 2 0 0 -1</ijR>
			<data>-3.44449e-04 	 -8.56101e-05 	 2.24570e-04</data>
		</spin_DMI_term>
		<spin_DMI_term>
			<ijR>1 2 0 0 0</ijR>
			<data>1.12786e-06 	 -1.16263e-06 	 3.57277e-06</data>
		</spin_DMI_term>
		<spin_DMI_term>
			<ijR>1 2 -2 0 0</ijR>
			<data>6.55328e-05 	 -4.59701e-05 	 1.78038e-05</data>
		</spin_DMI_term>
		<spin_DMI_term>
			<ijR>1 2 -1 -1 -1</ijR>
			<data>1.16258e-06 	 -1.12781e-06 	 3.57277e-06</data>
		</spin_DMI_term>
		<spin_DMI_term>
			<ijR>1 2 -1 -1 0</ijR>
			<data>8.56076e-05 	 3.44445e-04 	 2.24570e-04</data>
		</spin_DMI_term>
		<spin_DMI_term>
			<ijR>1 2 -1 -1 1</ijR>
			<data>-3.50474e-05 	 -4.50213e-05 	 -6.10719e-05</data>
		</spin_DMI_term>
		<spin_DMI_term>
			<ijR>1 2 -1 0 -1</ijR>
			<data>-3.10120e-04 	 1.59919e-04 	 3.58990e-05</data>
		</spin_DMI_term>
		<spin_DMI_term>
			<ijR>1 2 -1 1 -1</ijR>
			<data>4.59702e-05 	 -6.55330e-05 	 1.78040e-05</data>
		</spin_DMI_term>
		<spin_DMI_term>
			<ijR>1 2 0 -2 0</ijR>
			<data>-3.59295e-05 	 -6.59229e-05 	 -3.31325e-05</data>
		</spin_DMI_term>
		<spin_DMI_term>
			<ijR>1 2 0 -1 -1</ijR>
			<data>-1.59028e-04 	 -9.96112e-05 	 -3.57980e-05</data>
		</spin_DMI_term>
		<spin_DMI_term>
			<ijR>1 2 0 0 -2</ijR>
			<data>4.50212e-05 	 3.50474e-05 	 -6.10718e-05</data>
		</spin_DMI_term>
		<spin_DMI_term>
			<ijR>1 2 1 -1 -1</ijR>
			<data>6.59232e-05 	 3.59297e-05 	 -3.31327e-05</data>
		</spin_DMI_term>
		<spin_DMI_term>
			<ijR>2 1 0 0 0</ijR>
			<data>-1.12786e-06 	 1.16263e-06 	 -3.57277e-06</data>
		</spin_DMI_term>
		<spin_DMI_term>
			<ijR>2 1 0 0 1</ijR>
			<data>3.44449e-04 	 8.56101e-05 	 -2.24570e-04</data>
		</spin_DMI_term>
		<spin_DMI_term>
			<ijR>2 1 0 1 0</ijR>
			<data>-9.96090e-05 	 -1.59023e-04 	 3.57986e-05</data>
		</spin_DMI_term>
		<spin_DMI_term>
			<ijR>2 1 1 0 0</ijR>
			<data>1.59922e-04 	 -3.10115e-04 	 -3.58999e-05</data>
		</spin_DMI_term>
		<spin_DMI_term>
			<ijR>2 1 -1 1 1</ijR>
			<data>-6.59232e-05 	 -3.59297e-05 	 3.31327e-05</data>
		</spin_DMI_term>
		<spin_DMI_term>
			<ijR>2 1 0 0 2</ijR>
			<data>-4.50212e-05 	 -3.50474e-05 	 6.10718e-05</data>
		</spin_DMI_term>
		<spin_DMI_term>
			<ijR>2 1 0 1 1</ijR>
			<data>1.59028e-04 	 9.96112e-05 	 3.57980e-05</data>
		</spin_DMI_term>
		<spin_DMI_term>
			<ijR>2 1 0 2 0</ijR>
			<data>3.59295e-05 	 6.59229e-05 	 3.31325e-05</data>
		</spin_DMI_term>
		<spin_DMI_term>
			<ijR>2 1 1 -1 1</ijR>
			<data>-4.59702e-05 	 6.55330e-05 	 -1.78040e-05</data>
		</spin_DMI_term>
		<spin_DMI_term>
			<ijR>2 1 1 0 1</ijR>
			<data>3.10120e-04 	 -1.59919e-04 	 -3.58990e-05</data>
		</spin_DMI_term>
		<spin_DMI_term>
			<ijR>2 1 1 1 -1</ijR>
			<data>3.50474e-05 	 4.50213e-05 	 6.10719e-05</data>
		</spin_DMI_term>
		<spin_DMI_term>
			<ijR>2 1 1 1 0</ijR>
			<data>-8.56076e-05 	 -3.44445e-04 	 -2.24570e-04</data>
		</spin_DMI_term>
		<spin_DMI_term>
			<ijR>2 1 1 1 1</ijR>
			<data>-1.16258e-06 	 1.12781e-06 	 -3.57277e-06</data>
		</spin_DMI_term>
		<spin_DMI_term>
			<ijR>2 1 2 0 0</ijR>
			<data>-6.55328e-05 	 4.59701e-05 	 -1.78038e-05</data>
		</spin_DMI_term>
		<spin_DMI_term>
			<ijR>2 2 -1 0 0</ijR>
			<data>3.51579e-05 	 3.16706e-06 	 2.50905e-05</data>
		</spin_DMI_term>
		<spin_DMI_term>
			<ijR>2 2 -1 0 1</ijR>
			<data>-8.99442e-06 	 -5.23291e-05 	 3.24927e-06</data>
		</spin_DMI_term>
		<spin_DMI_term>
			<ijR>2 2 -1 1 0</ijR>
			<data>4.28918e-05 	 -9.40522e-06 	 4.67546e-05</data>
		</spin_DMI_term>
		<spin_DMI_term>
			<ijR>2 2 0 -1 0</ijR>
			<data>-3.65703e-05 	 -3.22957e-05 	 -4.04893e-07</data>
		</spin_DMI_term>
		<spin_DMI_term>
			<ijR>2 2 0 -1 1</ijR>
			<data>-5.36770e-05 	 -4.09396e-05 	 1.96567e-06</data>
		</spin_DMI_term>
		<spin_DMI_term>
			<ijR>2 2 0 0 -1</ijR>
			<data>-3.37787e-06 	 3.61831e-05 	 -1.81205e-05</data>
		</spin_DMI_term>
		<spin_DMI_term>
			<ijR>2 2 0 0 1</ijR>
			<data>3.37787e-06 	 -3.61831e-05 	 1.81205e-05</data>
		</spin_DMI_term>
		<spin_DMI_term>
			<ijR>2 2 0 1 -1</ijR>
			<data>5.36770e-05 	 4.09396e-05 	 -1.96567e-06</data>
		</spin_DMI_term>
		<spin_DMI_term>
			<ijR>2 2 0 1 0</ijR>
			<data>3.65703e-05 	 3.22957e-05 	 4.04893e-07</data>
		</spin_DMI_term>
		<spin_DMI_term>
			<ijR>2 2 1 -1 0</ijR>
			<data>-4.28918e-05 	 9.40522e-06 	 -4.67546e-05</data>
		</spin_DMI_term>
		<spin_DMI_term>
			<ijR>2 2 1 0 -1</ijR>
			<data>8.99442e-06 	 5.23291e-05 	 -3.24927e-06</data>
		</spin_DMI_term>
		<spin_DMI_term>
			<ijR>2 2 1 0 0</ijR>
			<data>-3.51579e-05 	 -3.16706e-06 	 -2.50905e-05</data>
		</spin_DMI_term>
	</spin_DMI_list>
	<spin_bilinear_list units="eV">
		<nterms>52</nterms>
		<spin_bilinear_term>
			<ijR>1 1 -1 0 0</ijR>
			<data>-1.20713e-05	-2.39640e-07	-2.37368e-06	-2.39640e-07	-9.89173e-06	-2.47685e-05	-2.37368e-06	-2.47685e-05	-1.49507e-03</data>
		</spin_bilinear_term>
		<spin_bilinear_term>
			<ijR>1 1 -1 0 1</ijR>
			<data>-1.30900e-05	-3.88489e-06	-3.07069e-06	-3.88489e-06	-1.70613e-05	-3.32584e-06	-3.07069e-06	-3.32584e-06	-1.25909e-03</data>
		</spin_bilinear_term>
		<spin_bilinear_term>
			<ijR>1 1 -1 1 0</ijR>
			<data>-1.55235e-05	8.07388e-06	-1.01300e-05	8.07388e-06	-1.44912e-05	-8.36582e-06	-1.01300e-05	-8.36582e-06	-1.26437e-03</data>
		</spin_bilinear_term>
		<spin_bilinear_term>
			<ijR>1 1 0 -1 0</ijR>
			<data>-6.64437e-06	-7.76570e-07	-2.50233e-05	-7.76570e-07	-1.17882e-05	-9.18250e-06	-2.50233e-05	-9.18250e-06	-1.49773e-03</data>
		</spin_bilinear_term>
		<spin_bilinear_term>
			<ijR>1 1 0 -1 1</ijR>
			<data>-1.95112e-05	-6.13149e-06	-1.97426e-05	-6.13149e-06	-1.63864e-05	-1.55582e-05	-1.97426e-05	-1.55582e-05	-1.25496e-03</data>
		</spin_bilinear_term>
		<spin_bilinear_term>
			<ijR>1 1 0 0 -1</ijR>
			<data>-8.00462e-06	6.08839e-07	-8.37047e-06	6.08839e-07	-5.07448e-06	6.60020e-07	-8.37047e-06	6.60020e-07	-1.50104e-03</data>
		</spin_bilinear_term>
		<spin_bilinear_term>
			<ijR>1 1 0 0 1</ijR>
			<data>-8.00462e-06	6.08839e-07	-8.37047e-06	6.08839e-07	-5.07448e-06	6.60020e-07	-8.37047e-06	6.60020e-07	-1.50104e-03</data>
		</spin_bilinear_term>
		<spin_bilinear_term>
			<ijR>1 1 0 1 -1</ijR>
			<data>-1.95112e-05	-6.13149e-06	-1.97426e-05	-6.13149e-06	-1.63864e-05	-1.55582e-05	-1.97426e-05	-1.55582e-05	-1.25496e-03</data>
		</spin_bilinear_term>
		<spin_bilinear_term>
			<ijR>1 1 0 1 0</ijR>
			<data>-6.64437e-06	-7.76570e-07	-2.50233e-05	-7.76570e-07	-1.17882e-05	-9.18250e-06	-2.50233e-05	-9.18250e-06	-1.49773e-03</data>
		</spin_bilinear_term>
		<spin_bilinear_term>
			<ijR>1 1 1 -1 0</ijR>
			<data>-1.55235e-05	8.07388e-06	-1.01300e-05	8.07388e-06	-1.44912e-05	-8.36582e-06	-1.01300e-05	-8.36582e-06	-1.26437e-03</data>
		</spin_bilinear_term>
		<spin_bilinear_term>
			<ijR>1 1 1 0 -1</ijR>
			<data>-1.30900e-05	-3.88489e-06	-3.07069e-06	-3.88489e-06	-1.70613e-05	-3.32584e-06	-3.07069e-06	-3.32584e-06	-1.25909e-03</data>
		</spin_bilinear_term>
		<spin_bilinear_term>
			<ijR>1 1 1 0 0</ijR>
			<data>-1.20713e-05	-2.39640e-07	-2.37368e-06	-2.39640e-07	-9.89173e-06	-2.47685e-05	-2.37368e-06	-2.47685e-05	-1.49507e-03</data>
		</spin_bilinear_term>
		<spin_bilinear_term>
			<ijR>1 2 -1 0 0</ijR>
			<data>-4.24252e-05	-4.91797e-06	2.20474e-05	-4.91797e-06	-2.12639e-05	-3.27628e-05	2.20474e-05	-3.27628e-05	-7.63943e-03</data>
		</spin_bilinear_term>
		<spin_bilinear_term>
			<ijR>1 2 0 -1 0</ijR>
			<data>-2.71735e-05	-2.26465e-06	-5.02513e-05	-2.26465e-06	-2.55230e-05	1.02741e-05	-5.02513e-05	1.02741e-05	-7.62002e-03</data>
		</spin_bilinear_term>
		<spin_bilinear_term>
			<ijR>1 2 0 0 -1</ijR>
			<data>-4.34799e-05	-7.66804e-06	-5.96084e-07	-7.66804e-06	-6.60532e-05	2.59476e-05	-5.96084e-07	2.59476e-05	-7.60797e-03</data>
		</spin_bilinear_term>
		<spin_bilinear_term>
			<ijR>1 2 0 0 0</ijR>
			<data>-1.20595e-06	-1.42459e-07	2.97554e-07	-1.42459e-07	-1.22277e-06	4.87447e-07	2.97554e-07	4.87447e-07	-1.27542e-04</data>
		</spin_bilinear_term>
		<spin_bilinear_term>
			<ijR>1 2 -2 0 0</ijR>
			<data>-5.52124e-06	3.47881e-06	-1.03158e-06	3.47881e-06	-3.18622e-06	-3.92750e-06	-1.03158e-06	-3.92750e-06	-1.14206e-04</data>
		</spin_bilinear_term>
		<spin_bilinear_term>
			<ijR>1 2 -1 -1 -1</ijR>
			<data>-1.22276e-06	-1.42456e-07	-4.87449e-07	-1.42456e-07	-1.20595e-06	-2.97515e-07	-4.87449e-07	-2.97515e-07	-1.27541e-04</data>
		</spin_bilinear_term>
		<spin_bilinear_term>
			<ijR>1 2 -1 -1 0</ijR>
			<data>-6.60530e-05	-7.66794e-06	-2.59478e-05	-7.66794e-06	-4.34798e-05	5.96642e-07	-2.59478e-05	5.96642e-07	-7.60794e-03</data>
		</spin_bilinear_term>
		<spin_bilinear_term>
			<ijR>1 2 -1 -1 1</ijR>
			<data>-4.38598e-06	-1.07850e-06	-3.48385e-06	-1.07850e-06	-3.88010e-06	-5.13804e-06	-3.48385e-06	-5.13804e-06	-1.15656e-04</data>
		</spin_bilinear_term>
		<spin_bilinear_term>
			<ijR>1 2 -1 0 -1</ijR>
			<data>-2.12639e-05	-4.91794e-06	3.27645e-05	-4.91794e-06	-4.24253e-05	-2.20475e-05	3.27645e-05	-2.20475e-05	-7.63941e-03</data>
		</spin_bilinear_term>
		<spin_bilinear_term>
			<ijR>1 2 -1 1 -1</ijR>
			<data>-3.18622e-06	3.47882e-06	3.92719e-06	3.47882e-06	-5.52124e-06	1.03138e-06	3.92719e-06	1.03138e-06	-1.14205e-04</data>
		</spin_bilinear_term>
		<spin_bilinear_term>
			<ijR>1 2 0 -2 0</ijR>
			<data>-3.68809e-06	-1.55053e-06	-6.72839e-06	-1.55053e-06	-5.43192e-06	-1.10810e-06	-6.72839e-06	-1.10810e-06	-1.13167e-04</data>
		</spin_bilinear_term>
		<spin_bilinear_term>
			<ijR>1 2 0 -1 -1</ijR>
			<data>-2.55227e-05	-2.26461e-06	-1.02733e-05	-2.26461e-06	-2.71734e-05	5.02525e-05	-1.02733e-05	5.02525e-05	-7.61997e-03</data>
		</spin_bilinear_term>
		<spin_bilinear_term>
			<ijR>1 2 0 0 -2</ijR>
			<data>-3.88010e-06	-1.07851e-06	5.13820e-06	-1.07851e-06	-4.38597e-06	3.48364e-06	5.13820e-06	3.48364e-06	-1.15657e-04</data>
		</spin_bilinear_term>
		<spin_bilinear_term>
			<ijR>1 2 1 -1 -1</ijR>
			<data>-5.43196e-06	-1.55053e-06	1.10832e-06	-1.55053e-06	-3.68813e-06	6.72814e-06	1.10832e-06	6.72814e-06	-1.13166e-04</data>
		</spin_bilinear_term>
		<spin_bilinear_term>
			<ijR>2 1 0 0 0</ijR>
			<data>-1.20595e-06	-1.42459e-07	2.97554e-07	-1.42459e-07	-1.22277e-06	4.87447e-07	2.97554e-07	4.87447e-07	-1.27542e-04</data>
		</spin_bilinear_term>
		<spin_bilinear_term>
			<ijR>2 1 0 0 1</ijR>
			<data>-4.34799e-05	-7.66804e-06	-5.96084e-07	-7.66804e-06	-6.60532e-05	2.59476e-05	-5.96084e-07	2.59476e-05	-7.60797e-03</data>
		</spin_bilinear_term>
		<spin_bilinear_term>
			<ijR>2 1 0 1 0</ijR>
			<data>-2.71735e-05	-2.26465e-06	-5.02513e-05	-2.26465e-06	-2.55230e-05	1.02741e-05	-5.02513e-05	1.02741e-05	-7.62002e-03</data>
		</spin_bilinear_term>
		<spin_bilinear_term>
			<ijR>2 1 1 0 0</ijR>
			<data>-4.24252e-05	-4.91797e-06	2.20474e-05	-4.91797e-06	-2.12639e-05	-3.27628e-05	2.20474e-05	-3.27628e-05	-7.63943e-03</data>
		</spin_bilinear_term>
		<spin_bilinear_term>
			<ijR>2 1 -1 1 1</ijR>
			<data>-5.43196e-06	-1.55053e-06	1.10832e-06	-1.55053e-06	-3.68813e-06	6.72814e-06	1.10832e-06	6.72814e-06	-1.13166e-04</data>
		</spin_bilinear_term>
		<spin_bilinear_term>
			<ijR>2 1 0 0 2</ijR>
			<data>-3.88010e-06	-1.07851e-06	5.13820e-06	-1.07851e-06	-4.38597e-06	3.48364e-06	5.13820e-06	3.48364e-06	-1.15657e-04</data>
		</spin_bilinear_term>
		<spin_bilinear_term>
			<ijR>2 1 0 1 1</ijR>
			<data>-2.55227e-05	-2.26461e-06	-1.02733e-05	-2.26461e-06	-2.71734e-05	5.02525e-05	-1.02733e-05	5.02525e-05	-7.61997e-03</data>
		</spin_bilinear_term>
		<spin_bilinear_term>
			<ijR>2 1 0 2 0</ijR>
			<data>-3.68809e-06	-1.55053e-06	-6.72839e-06	-1.55053e-06	-5.43192e-06	-1.10810e-06	-6.72839e-06	-1.10810e-06	-1.13167e-04</data>
		</spin_bilinear_term>
		<spin_bilinear_term>
			<ijR>2 1 1 -1 1</ijR>
			<data>-3.18622e-06	3.47882e-06	3.92719e-06	3.47882e-06	-5.52124e-06	1.03138e-06	3.92719e-06	1.03138e-06	-1.14205e-04</data>
		</spin_bilinear_term>
		<spin_bilinear_term>
			<ijR>2 1 1 0 1</ijR>
			<data>-2.12639e-05	-4.91794e-06	3.27645e-05	-4.91794e-06	-4.24253e-05	-2.20475e-05	3.27645e-05	-2.20475e-05	-7.63941e-03</data>
		</spin_bilinear_term>
		<spin_bilinear_term>
			<ijR>2 1 1 1 -1</ijR>
			<data>-4.38598e-06	-1.07850e-06	-3.48385e-06	-1.07850e-06	-3.88010e-06	-5.13804e-06	-3.48385e-06	-5.13804e-06	-1.15656e-04</data>
		</spin_bilinear_term>
		<spin_bilinear_term>
			<ijR>2 1 1 1 0</ijR>
			<data>-6.60530e-05	-7.66794e-06	-2.59478e-05	-7.66794e-06	-4.34798e-05	5.96642e-07	-2.59478e-05	5.96642e-07	-7.60794e-03</data>
		</spin_bilinear_term>
		<spin_bilinear_term>
			<ijR>2 1 1 1 1</ijR>
			<data>-1.22276e-06	-1.42456e-07	-4.87449e-07	-1.42456e-07	-1.20595e-06	-2.97515e-07	-4.87449e-07	-2.97515e-07	-1.27541e-04</data>
		</spin_bilinear_term>
		<spin_bilinear_term>
			<ijR>2 1 2 0 0</ijR>
			<data>-5.52124e-06	3.47881e-06	-1.03158e-06	3.47881e-06	-3.18622e-06	-3.92750e-06	-1.03158e-06	-3.92750e-06	-1.14206e-04</data>
		</spin_bilinear_term>
		<spin_bilinear_term>
			<ijR>2 2 -1 0 0</ijR>
			<data>-1.17883e-05	-7.76564e-07	9.18245e-06	-7.76564e-07	-6.64439e-06	2.50234e-05	9.18245e-06	2.50234e-05	-1.49774e-03</data>
		</spin_bilinear_term>
		<spin_bilinear_term>
			<ijR>2 2 -1 0 1</ijR>
			<data>-1.63864e-05	-6.13146e-06	1.55580e-05	-6.13146e-06	-1.95111e-05	1.97426e-05	1.55580e-05	1.97426e-05	-1.25494e-03</data>
		</spin_bilinear_term>
		<spin_bilinear_term>
			<ijR>2 2 -1 1 0</ijR>
			<data>-1.44911e-05	8.07384e-06	8.36583e-06	8.07384e-06	-1.55235e-05	1.01303e-05	8.36583e-06	1.01303e-05	-1.26436e-03</data>
		</spin_bilinear_term>
		<spin_bilinear_term>
			<ijR>2 2 0 -1 0</ijR>
			<data>-9.89168e-06	-2.39650e-07	2.47683e-05	-2.39650e-07	-1.20712e-05	2.37411e-06	2.47683e-05	2.37411e-06	-1.49506e-03</data>
		</spin_bilinear_term>
		<spin_bilinear_term>
			<ijR>2 2 0 -1 1</ijR>
			<data>-1.70613e-05	-3.88490e-06	3.32587e-06	-3.88490e-06	-1.30901e-05	3.07098e-06	3.32587e-06	3.07098e-06	-1.25909e-03</data>
		</spin_bilinear_term>
		<spin_bilinear_term>
			<ijR>2 2 0 0 -1</ijR>
			<data>-5.07447e-06	6.08848e-07	-6.59839e-07	6.08848e-07	-8.00465e-06	8.37078e-06	-6.59839e-07	8.37078e-06	-1.50104e-03</data>
		</spin_bilinear_term>
		<spin_bilinear_term>
			<ijR>2 2 0 0 1</ijR>
			<data>-5.07447e-06	6.08848e-07	-6.59839e-07	6.08848e-07	-8.00465e-06	8.37078e-06	-6.59839e-07	8.37078e-06	-1.50104e-03</data>
		</spin_bilinear_term>
		<spin_bilinear_term>
			<ijR>2 2 0 1 -1</ijR>
			<data>-1.70613e-05	-3.88490e-06	3.32587e-06	-3.88490e-06	-1.30901e-05	3.07098e-06	3.32587e-06	3.07098e-06	-1.25909e-03</data>
		</spin_bilinear_term>
		<spin_bilinear_term>
			<ijR>2 2 0 1 0</ijR>
			<data>-9.89168e-06	-2.39650e-07	2.47683e-05	-2.39650e-07	-1.20712e-05	2.37411e-06	2.47683e-05	2.37411e-06	-1.49506e-03</data>
		</spin_bilinear_term>
		<spin_bilinear_term>
			<ijR>2 2 1 -1 0</ijR>
			<data>-1.44911e-05	8.07384e-06	8.36583e-06	8.07384e-06	-1.55235e-05	1.01303e-05	8.36583e-06	1.01303e-05	-1.26436e-03</data>
		</spin_bilinear_term>
		<spin_bilinear_term>
			<ijR>2 2 1 0 -1</ijR>
			<data>-1.63864e-05	-6.13146e-06	1.55580e-05	-6.13146e-06	-1.95111e-05	1.97426e-05	1.55580e-05	1.97426e-05	-1.25494e-03</data>
		</spin_bilinear_term>
		<spin_bilinear_term>
			<ijR>2 2 1 0 0</ijR>
			<data>-1.17883e-05	-7.76564e-07	9.18245e-06	-7.76564e-07	-6.64439e-06	2.50234e-05	9.18245e-06	2.50234e-05	-1.49774e-03</data>
		</spin_bilinear_term>
	</spin_bilinear_list>
	<description>Exchange parameters generated by TB2J 0.3.0
Generation time: 20/09/03 10:47:52
 Input from non-collinear Siesta data.
 working directory: /home/ICN2/xhe/projects/TB2J_examples/Siesta/BiFeO3_SOC/U4/BiFeO3_SOC_z_U4
 fdf_fname: siesta.fdf.
Warning: The DMI component parallel to the spin orientation, the Jani which has the component of that orientation should be disregarded
 e.g. if the spins are along z, the xz, yz, zz, zx, zy components and the z component of DMI.
 If you need these component, try to do three calculations with spin along x, y, z,  or use structure with z rotated to x, y and z. And then use TB2J_merge.py to get the full set of parameters.

</description>
</System_definition>
